1.000000000000000000e+00
9.803934104015695761e-01
9.615410018913600476e-01
9.434000870481480394e-01
9.259311404545216284e-01
9.090975112444305006e-01
8.928651664489569706e-01
8.772024613580986507e-01
8.620799336380372546e-01
8.474701183854702613e-01
8.333473816763625752e-01
8.196877704868287262e-01
8.064688771376913312e-01
7.936697166489832256e-01
7.812706155923845319e-01
7.692531112033578200e-01
7.575998596648449990e-01
7.462945526043045508e-01
7.353218409586094184e-01
7.246672654593414586e-01
7.143171930764501409e-01
7.042587588328351744e-01
6.944798124676803130e-01
6.849688694835978087e-01
6.757150661628946731e-01
6.667081181825177394e-01
6.579382824962185516e-01
6.493963221869230029e-01
6.410734740227446160e-01
6.329614184770890883e-01
6.250522519972323554e-01
6.173384613270691545e-01
6.098128997086758041e-01
6.024687648042268417e-01
5.952995781949146359e-01
5.882991663269923066e-01
5.814616427871570625e-01
5.747813918003130684e-01
5.682530528524825097e-01
5.618715063503676443e-01
5.556318602369367810e-01
5.495294374894958978e-01
5.435597644330987244e-01
5.377185598079246009e-01
5.320017245344841328e-01
5.264053321252248896e-01
5.209256196954131779e-01
5.155589795300365985e-01
5.103019511670203734e-01
5.051512139602447604e-01
5.001035800887778660e-01
4.951559879814018683e-01
4.903054961279296742e-01
4.855492772510241473e-01
4.808846128142591492e-01
4.763088878440026597e-01
4.718195860444002188e-01
4.674142851862836401e-01
4.630906527522495320e-01
4.588464418214577289e-01
4.546794871788945036e-01
4.505877016349441044e-01
4.465690725421271878e-01
4.426216584967871404e-01
4.387435862143750365e-01
4.349330475677596342e-01
4.311882967787283860e-01
4.275076477535146302e-01
4.238894715538037428e-01
4.203321939952532338e-01
4.168342933660852401e-01
4.133942982588057480e-01
4.100107855085618480e-01
4.066823782320642122e-01
4.034077439614026095e-01
4.001855928674357132e-01
3.970146760677827347e-01
3.938937840147507807e-01
3.908217449588292647e-01
3.877974234836478185e-01
3.848197191085527824e-01
3.818875649551867202e-01
3.789999264746778396e-01
3.761558002322495375e-01
3.733542127462500249e-01
3.705942193787803429e-01
3.678749032752652304e-01
3.651953743504658956e-01
3.625547683185792458e-01
3.599522457652030161e-01
3.573869912590734166e-01
3.548582125016019329e-01
3.523651395123456598e-01
3.499070238486550188e-01
3.474831378578354668e-01
3.450927739602530631e-01
3.427352439619042457e-01
3.404098783950398333e-01
3.381160258855246403e-01
3.358530525456686622e-01
3.336203413913479965e-01
3.314172917822842401e-01
3.292433188844194891e-01
3.270978531533734746e-01
3.249803398380270991e-01
3.228902385033202149e-01
3.208270225714049406e-01
3.187901788803334524e-01
3.167792072595048691e-01
3.147936201211326002e-01
3.128329420670321603e-01
3.108967095100619304e-01
3.089844703095858125e-01
3.070957834203532633e-01
3.052302185542257740e-01
3.033873558542039550e-01
3.015667855802365294e-01
2.997681078063183513e-01
2.979909321284051060e-01
2.962348773826991022e-01
2.944995713738773335e-01
2.927846506128549686e-01
2.910897600636971894e-01
2.894145528993087302e-01
2.877586902655472900e-01
2.861218410534244194e-01
2.845036816790738055e-01
2.829038958711755369e-01
2.813221744655485246e-01
2.797582152066260264e-01
2.782117225555500450e-01
2.766824075046263598e-01
2.751699873978969979e-01
2.736741857575947789e-01
2.721947321162576094e-01
2.707313618542875888e-01
2.692838160427503680e-01
2.678518412912171964e-01
2.664351896004645281e-01
2.650336182198488322e-01
2.636468895091862996e-01
2.622747708049698590e-01
2.609170342907687901e-01
2.595734568716553392e-01
2.582438200525171701e-01
2.569279098201120437e-01
2.556255165287345532e-01
2.543364347893640187e-01
2.530604633621725830e-01
2.517974050522730489e-01
2.505470666085950482e-01
2.493092586257800447e-01
2.480837954489893693e-01
2.468704950815268917e-01
2.456691790951777421e-01
2.444796725431720719e-01
2.433018038756829537e-01
2.421354048577745999e-01
2.409803104897164927e-01
2.398363589295859077e-01
2.387033914180813066e-01
2.375812522054739639e-01
2.364697884806269135e-01
2.353688503020132938e-01
2.342782905306687868e-01
2.331979647650153642e-01
2.321277312774950585e-01
2.310674509529562493e-01
2.300169872287351203e-01
2.289762060363797203e-01
2.279449757449619751e-01
2.269231671059301625e-01
2.259106531994506950e-01
2.249073093821943869e-01
2.239130132365210746e-01
2.229276445210188751e-01
2.219510851223574499e-01
2.209832190084127235e-01
2.200239321826264194e-01
2.190731126395603912e-01
2.181306503216107195e-01
2.171964370768464381e-01
2.162703666179382478e-01
2.153523344821448859e-01
2.144422379923257016e-01
2.135399762189484352e-01
2.126454499430630862e-01
2.117585616202128929e-01
2.108792153452553053e-01
2.100073168180660588e-01
2.091427733101008379e-01
2.082854936317888317e-01
2.074353881007357236e-01
2.065923685107103058e-01
2.057563481013955919e-01
2.049272415288788396e-01
2.041049648368628011e-01
2.032894354285752492e-01
2.024805720393589026e-01
2.016782947099211298e-01
2.008825247602263608e-01
2.000931847640118888e-01
1.993101985239108809e-01
1.985334910471654724e-01
1.977629885219127914e-01
1.969986182940300645e-01
1.962403088445213717e-01
1.954879897674332290e-01
1.947415917482829273e-01
1.940010465429872766e-01
1.932662869572772668e-01
1.925372468265859061e-01
1.918138609963967456e-01
1.910960653030410183e-01
1.903837965549305400e-01
1.896769925142161306e-01
1.889755918788594002e-01
1.882795342651075454e-01
1.875887601903605817e-01
1.869032110564203264e-01
1.862228291331124719e-01
1.855475575422701195e-01
1.848773402420713363e-01
1.842121220117211022e-01
1.835518484364681846e-01
1.828964658929489728e-01
1.822459215348503636e-01
1.816001632788826203e-01
1.809591397910555177e-01
1.803228004732492229e-01
1.796910954500729463e-01
1.790639755560045621e-01
1.784413923228034271e-01
1.778232979671903469e-01
1.772096453787876114e-01
1.766003881083130223e-01
1.759954803560216940e-01
1.753948769603893842e-01
1.747985333870316071e-01
1.742064057178526471e-01
1.736184506404191974e-01
1.730346254375534354e-01
1.724548879771391763e-01
1.718791967021374156e-01
1.713075106208055143e-01
1.707397892971151410e-01
1.701759928413642819e-01
1.696160819009795429e-01
1.690600176515030528e-01
1.685077617877603906e-01
1.679592765152050915e-01
1.674145245414360994e-01
1.668734690678830845e-01
1.663360737816569346e-01
1.658023028475607563e-01
1.652721209002581682e-01
1.647454930365954973e-01
1.642223848080731075e-01
1.637027622134644977e-01
1.631865916915778980e-01
1.626738401141582524e-01
1.621644747789264263e-01
1.616584634027515843e-01
1.611557741149549916e-01
1.606563754507420172e-01
1.601602363447581223e-01
1.596673261247684716e-01
1.591776145054564218e-01
1.586910715823392493e-01
1.582076678257983704e-01
1.577273740752212217e-01
1.572501615332529967e-01
1.567760017601550759e-01
1.563048666682689269e-01
1.558367285165817018e-01
1.553715599053926144e-01
1.549093337710775731e-01
1.544500233809493750e-01
1.539936023282127975e-01
1.535400445270107272e-01
1.530893242075607730e-01
1.526414159113801960e-01
1.521962944865971334e-01
1.517539350833457812e-01
1.513143131492449001e-01
1.508774044249570068e-01
1.504431849398272236e-01
1.500116310075985393e-01
1.495827192222055346e-01
1.491564264536396345e-01
1.487327298438896606e-01
1.483116068029527723e-01
1.478930350049150744e-01
1.474769923841020569e-01
1.470634571312945671e-01
1.466524076900118656e-01
1.462438227528586321e-01
1.458376812579349480e-01
1.454339623853085350e-01
1.450326455535475012e-01
1.446337104163123721e-01
1.442371368590068259e-01
1.438429049954849104e-01
1.434509951648146042e-01
1.430613879280963063e-01
1.426740640653347825e-01
1.422890045723639585e-01
1.419061906578236720e-01
1.415256037401865230e-01
1.411472254448350727e-01
1.407710376011872544e-01
1.403970222398695233e-01
1.400251615899375801e-01
1.396554380761420300e-01
1.392878343162397559e-01
1.389223331183495058e-01
1.385589174783503075e-01
1.381975705773230700e-01
1.378382757790334590e-01
1.374810166274556822e-01
1.371257768443370773e-01
1.367725403268007511e-01
1.364212911449885768e-01
1.360720135397406050e-01
1.357246919203127511e-01
1.353793108621301755e-01
1.350358551045774680e-01
1.346943095488229436e-01
1.343546592556782437e-01
1.340168894434914382e-01
1.336809854860737112e-01
1.333469329106582446e-01
1.330147173958916018e-01
1.326843247698563100e-01
1.323557410081244445e-01
1.320289522318415232e-01
1.317039447058401813e-01
1.313807048367829078e-01
1.310592191713340071e-01
1.307394743943592896e-01
1.304214573271535171e-01
1.301051549256951878e-01
1.297905542789279665e-01
1.294776426070683994e-01
1.291664072599393309e-01
1.288568357153286881e-01
1.285489155773730241e-01
1.282426345749656527e-01
1.279379805601885689e-01
1.276349415067683513e-01
1.273335055085546563e-01
1.270336607780219174e-01
1.267353956447931917e-01
1.264386985541861574e-01
1.261435580657804534e-01
1.258499628520066138e-01
1.255579016967552364e-01
1.252673634940075775e-01
1.249783372464852577e-01
1.246908120643204776e-01
1.244047771637455668e-01
1.241202218658014750e-01
1.238371355950651231e-01
1.235555078783954486e-01
1.232753283436973657e-01
1.229965867187036155e-01
1.227192728297745450e-01
1.224433766007145680e-01
1.221688880516060699e-01
1.218957972976599247e-01
1.216240945480822067e-01
1.213537701049573203e-01
1.210848143621469364e-01
1.208172178042043604e-01
1.205509710053046524e-01
1.202860646281893320e-01
1.200224894231265160e-01
1.197602362268850584e-01
1.194992959617237477e-01
1.192396596343939796e-01
1.189813183351568077e-01
1.187242632368134543e-01
1.184684855937494646e-01
1.182139767409917386e-01
1.179607280932790936e-01
1.177087311441453177e-01
1.174579774650149067e-01
1.172084587043112358e-01
1.169601665865769302e-01
1.167130929116064059e-01
1.164672295535898600e-01
1.162225684602692932e-01
1.159791016521059814e-01
1.157368212214587994e-01
1.154957193317740771e-01
1.152557882167863368e-01
1.150170201797295344e-01
1.147794075925590157e-01
1.145429428951840883e-01
1.143076185947104750e-01
1.140734272646931752e-01
1.138403615443991101e-01
1.136084141380796220e-01
1.133775778142526169e-01
1.131478454049940352e-01
1.129192098052388959e-01
1.126916639720914465e-01
1.124652009241442624e-01
1.122398137408064517e-01
1.120154955616404491e-01
1.117922395857077200e-01
1.115700390709225692e-01
1.113488873334147894e-01
1.111287777469004145e-01
1.109097037420602866e-01
1.106916588059271428e-01
1.104746364812803777e-01
1.102586303660484518e-01
1.100436341127191131e-01
1.098296414277572103e-01
1.096166460710297080e-01
1.094046418552382521e-01
1.091936226453591036e-01
1.089835823580894425e-01
1.087745149613015549e-01
1.085664144735035003e-01
1.083592749633064817e-01
1.081530905488991556e-01
1.079478553975284361e-01
1.077435637249867378e-01
1.075402097951057012e-01
1.073377879192562723e-01
1.071362924558549312e-01
1.069357178098759853e-01
1.067360584323702039e-01
1.065373088199889767e-01
1.063394635145147316e-01
1.061425171023969022e-01
1.059464642142936702e-01
1.057512995246194243e-01
1.055570177510975621e-01
1.053636136543188995e-01
1.051710820373054772e-01
1.049794177450795868e-01
1.047886156642380828e-01
1.045986707225318307e-01
1.044095778884502751e-01
1.042213321708110180e-01
1.040339286183542544e-01
1.038473623193422735e-01
1.036616284011635525e-01
1.034767220299417784e-01
1.032926384101493372e-01
1.031093727842255364e-01
1.029269204321994757e-01
1.027452766713172622e-01
1.025644368556735270e-01
1.023843963758476611e-01
1.022051506585439362e-01
1.020266951662361088e-01
1.018490253968163534e-01
1.016721368832477629e-01
1.014960251932216367e-01
1.013206859288182105e-01
1.011461147261715071e-01
1.009723072551383244e-01
1.007992592189709685e-01
1.006269663539932080e-01
1.004554244292811122e-01
1.002846292463464573e-01
1.001145766388245040e-01
9.994526247216517501e-02
9.977668264332754944e-02
9.960883308047824292e-02
9.944170974269293806e-02
9.927530861966162024e-02
9.910962573139668608e-02
9.894465712794504875e-02
9.878039888910283839e-02
9.861684712413390508e-02
9.845399797149105570e-02
9.829184759854080189e-02
9.813039220129099460e-02
9.796962800412153949e-02
9.780955125951820706e-02
9.765015824780944043e-02
9.749144527690602191e-02
9.733340868204376495e-02
9.717604482552881506e-02
9.701935009648633701e-02
9.686332091061117255e-02
9.670795370992218976e-02
9.655324496251847799e-02
9.639919116233899854e-02
9.624578882892430298e-02
9.609303450718115203e-02
9.594092476714975726e-02
9.578945620377332659e-02
9.563862543667062122e-02
9.548842910991020561e-02
9.533886389178806986e-02
9.518992647460694512e-02
9.504161357445846392e-02
9.489392193100754103e-02
9.474684830727884977e-02
9.460038948944622661e-02
9.445454228662343577e-02
9.430930353065825056e-02
9.416467007592783933e-02
9.402063879913682976e-02
9.387720659911739929e-02
9.373437039663162773e-02
9.359212713417561225e-02
9.345047377578621917e-02
9.330940730684930684e-02
9.316892473391051588e-02
9.302902308448762758e-02
9.288969940688511506e-02
9.275095077001083155e-02
9.261277426319411421e-02
9.247516699600633050e-02
9.233812609808317307e-02
9.220164871894843961e-02
9.206573202784031074e-02
9.193037321353886293e-02
9.179556948419578810e-02
9.166131806716552866e-02
9.152761620883854976e-02
9.139446117447587448e-02
9.126185024804606138e-02
9.112978073206293161e-02
9.099824994742569673e-02
9.086725523326055765e-02
9.073679394676366361e-02
9.060686346304604177e-02
9.047746117497997009e-02
9.034858449304679351e-02
9.022023084518659974e-02
9.009239767664901921e-02
8.996508244984609270e-02
8.983828264420597176e-02
8.971199575602874232e-02
8.958621929834320596e-02
8.946095080076549300e-02
8.933618780935885517e-02
8.921192788649490168e-02
8.908816861071633397e-02
8.896490757660113768e-02
8.884214239462775997e-02
8.871987069104206314e-02
8.859809010772540239e-02
8.847679830206399421e-02
8.835599294681971416e-02
8.823567173000201880e-02
8.811583235474140796e-02
8.799647253916370593e-02
8.787759001626614663e-02
8.775918253379411116e-02
8.764124785411947505e-02
8.752378375412016298e-02
8.740678802506046674e-02
8.729025847247309788e-02
8.717419291604203146e-02
8.705858918948650160e-02
8.694344514044648198e-02
8.682875863036872144e-02
8.671452753439445882e-02
8.660074974124773450e-02
8.648742315312520079e-02
8.637454568558682044e-02
8.626211526744742564e-02
8.615012984066973412e-02
8.603858736025815634e-02
8.592748579415346311e-02
8.581682312312893801e-02
8.570659734068709901e-02
8.559680645295743295e-02
8.548744847859553186e-02
8.537852144868265936e-02
8.527002340662659385e-02
8.516195240806338773e-02
8.505430652075984810e-02
8.494708382451729434e-02
8.484028241107594015e-02
8.473390038402026092e-02
8.462793585868527702e-02
8.452238696206379465e-02
8.441725183271439614e-02
8.431252862067029064e-02
8.420821548734920559e-02
8.410431060546377791e-02
8.400081215893326347e-02
8.389771834279560747e-02
8.379502736312058331e-02
8.369273743692383360e-02
8.359084679208125812e-02
8.348935366724491436e-02
8.338825631175887654e-02
8.328755298557667663e-02
8.318724195917885644e-02
8.308732151349162987e-02
8.298778993980628071e-02
8.288864553969910176e-02
8.278988662495241624e-02
8.269151151747587691e-02
8.259351854922875047e-02
8.249590606214320110e-02
8.239867240804750470e-02
8.230181594859074801e-02
8.220533505516769424e-02
8.210922810884470346e-02
8.201349350028593055e-02
8.191812962968060552e-02
8.182313490667066092e-02
8.172850775027912240e-02
8.163424658883917939e-02
8.154034985992394957e-02
8.144681601027663198e-02
8.135364349574153442e-02
8.126083078119569758e-02
8.116837634048092165e-02
8.107627865633663944e-02
8.098453622033330301e-02
8.089314753280638093e-02
8.080211110279081343e-02
8.071142544795630036e-02
8.062108909454282490e-02
8.053110057729727378e-02
8.044145843940996021e-02
8.035216123245218778e-02
8.026320751631428607e-02
8.017459585914397946e-02
8.008632483728556073e-02
7.999839303521942557e-02
7.991079904550221769e-02
7.982354146870750122e-02
7.973661891336684959e-02
7.965002999591161426e-02
7.956377334061515150e-02
7.947784757953534063e-02
7.939225135245799037e-02
7.930698330684041175e-02
7.922204209775557393e-02
7.913742638783689831e-02
7.905313484722323314e-02
7.896916615350457747e-02
7.888551899166817982e-02
7.880219205404505323e-02
7.871918404025692040e-02
7.863649365716379736e-02
7.855411961881185456e-02
7.847206064638176382e-02
7.839031546813751694e-02
7.830888281937573026e-02
7.822776144237524043e-02
7.814695008634719997e-02
7.806644750738568617e-02
7.798625246841864311e-02
7.790636373915912904e-02
7.782678009605727143e-02
7.774750032225233309e-02
7.766852320752537508e-02
7.758984754825212771e-02
7.751147214735655544e-02
7.743339581426453289e-02
7.735561736485803419e-02
7.727813562142962778e-02
7.720094941263758170e-02
7.712405757346095514e-02
7.704745894515549476e-02
7.697115237520946174e-02
7.689513671730036082e-02
7.681941083125137792e-02
7.674397358298887251e-02
7.666882384449957843e-02
7.659396049378863758e-02
7.651938241483774439e-02
7.644508849756373459e-02
7.637107763777738201e-02
7.629734873714277832e-02
7.622390070313675436e-02
7.615073244900891214e-02
7.607784289374164288e-02
7.600523096201100559e-02
7.593289558414727247e-02
7.586083569609639032e-02
7.578905023938131702e-02
7.571753816106389923e-02
7.564629841370713870e-02
7.557532995533744469e-02
7.550463174940749700e-02
7.543420276475933106e-02
7.536404197558763118e-02
7.529414836140335687e-02
7.522452090699784100e-02
7.515515860240684631e-02
7.508606044287517711e-02
7.501722542882152678e-02
7.494865256580354740e-02
7.488034086448318305e-02
7.481228934059233615e-02
7.474449701489890852e-02
7.467696291317281465e-02
7.460968606615260568e-02
7.454266550951216264e-02
7.447590028382770899e-02
7.440938943454505905e-02
7.434313201194713006e-02
7.427712707112181512e-02
7.421137367192996714e-02
7.414587087897361872e-02
7.408061776156471545e-02
7.401561339369371051e-02
7.395085685399874209e-02
7.388634722573489411e-02
7.382208359674372056e-02
7.375806505942289482e-02
7.369429071069646953e-02
7.363075965198485895e-02
7.356747098917547356e-02
7.350442383259331303e-02
7.344161729697203100e-02
7.337905050142495833e-02
7.331672256941658417e-02
7.325463262873416204e-02
7.319277981145944079e-02
7.313116325394083961e-02
7.306978209676556757e-02
7.300863548473232600e-02
7.294772256682370559e-02
7.288704249617937447e-02
7.282659443006897493e-02
7.276637752986560292e-02
7.270639096101916277e-02
7.264663389303033236e-02
7.258710549942422319e-02
7.252780495772469249e-02
7.246873144942866940e-02
7.240988415998057814e-02
7.235126227874710825e-02
7.229286499899219287e-02
7.223469151785200104e-02
7.217674103631024907e-02
7.211901275917384502e-02
7.206150589504831117e-02
7.200421965631381704e-02
7.194715325910115700e-02
7.189030592326789426e-02
7.183367687237492138e-02
7.177726533366289574e-02
7.172107053802906362e-02
7.166509172000412597e-02
7.160932811772946494e-02
7.155377897293423162e-02
7.149844353091291960e-02
7.144332104050299392e-02
7.138841075406258951e-02
7.133371192744847322e-02
7.127922381999426960e-02
7.122494569448853396e-02
7.117087681715336678e-02
7.111701645762293078e-02
7.106336388892225964e-02
7.100991838744612206e-02
7.095667923293805246e-02
7.090364570846971470e-02
7.085081710042015479e-02
7.079819269845542828e-02
7.074577179550819994e-02
7.069355368775766257e-02
7.064153767460942812e-02
7.058972305867573793e-02
7.053810914575567304e-02
7.048669524481569748e-02
7.043548066797004903e-02
7.038446473046156004e-02
7.033364675064250615e-02
7.028302604995559366e-02
7.023260195291497476e-02
7.018237378708766516e-02
7.013234088307494785e-02
7.008250257449370746e-02
7.003285819795831979e-02
6.998340709306245799e-02
6.993414860236078778e-02
6.988508207135132877e-02
6.983620684845748272e-02
6.978752228501042265e-02
6.973902773523146803e-02
6.969072255621479306e-02
6.964260610791001005e-02
6.959467775310515525e-02
6.954693685740938325e-02
6.949938278923635526e-02
6.945201491978721109e-02
6.940483262303392964e-02
6.935783527570291151e-02
6.931102225725835342e-02
6.926439294988601114e-02
6.921794673847696255e-02
6.917168301061153712e-02
6.912560115654334258e-02
6.907970056918338875e-02
6.903398064408430845e-02
6.898844077942475894e-02
6.894308037599382322e-02
6.889789883717574448e-02
6.885289556893443852e-02
6.880806997979832529e-02
6.876342148084538253e-02
6.871894948568803285e-02
6.867465341045819738e-02
6.863053267379264077e-02
6.858658669681827469e-02
6.854281490313759995e-02
6.849921671881414875e-02
6.845579157235817669e-02
6.841253889471245186e-02
6.836945811923797467e-02
6.832654868169998896e-02
6.828381002025400714e-02
6.824124157543191849e-02
6.819884279012819461e-02
6.815661310958630315e-02
6.811455198138491318e-02
6.807265885542473915e-02
6.803093318391481570e-02
6.798937442135936926e-02
6.794798202454462033e-02
6.790675545252551626e-02
6.786569416661286658e-02
6.782479763036035336e-02
6.778406530955158327e-02
6.774349667218751425e-02
6.770309118847359087e-02
6.766284833080728200e-02
6.762276757376550762e-02
6.758284839409234301e-02
6.754309027068647331e-02
6.750349268458920304e-02
6.746405511897209106e-02
6.742477705912505725e-02
6.738565799244417009e-02
6.734669740841991992e-02
6.730789479862528402e-02
6.726924965670401380e-02
6.723076147835897742e-02
6.719242976134054413e-02
6.715425400543505174e-02
6.711623371245339920e-02
6.707836838621966669e-02
6.704065753255990245e-02
6.700310065929082626e-02
6.696569727620874102e-02
6.692844689507848610e-02
6.689134902962244611e-02
6.685440319550965682e-02
6.681760891034493888e-02
6.678096569365815638e-02
6.674447306689361425e-02
6.670813055339928910e-02
6.667193767841642082e-02
6.663589396906889617e-02
6.659999895435299300e-02
6.656425216512701359e-02
6.652865313410089021e-02
6.649320139582617917e-02
6.645789648668581906e-02
6.642273794488404159e-02
6.638772531043651837e-02
6.635285812516025783e-02
6.631813593266384921e-02
6.628355827833769254e-02
6.624912470934418707e-02
6.621483477460805844e-02
6.618068802480686630e-02
6.614668401236140083e-02
6.611282229142610711e-02
6.607910241787981476e-02
6.604552394931642589e-02
6.601208644503535339e-02
6.597878946603263906e-02
6.594563257499151676e-02
6.591261533627344738e-02
6.587973731590907045e-02
6.584699808158905876e-02
6.581439720265544469e-02
6.578193425009248863e-02
6.574960879651808865e-02
6.571742041617484320e-02
6.568536868492147462e-02
6.565345318022411392e-02
6.562167348114780752e-02
6.559002916834781594e-02
6.555851982406130096e-02
6.552714503209890184e-02
6.549590437783625596e-02
6.546479744820576929e-02
6.543382383168835914e-02
6.540298311830526623e-02
6.537227489960981131e-02
6.534169876867937377e-02
6.531125432010738419e-02
6.528094114999521969e-02
6.525075885594437686e-02
6.522070703704849204e-02
6.519078529388556975e-02
6.516099322851014175e-02
6.513133044444555098e-02
6.510179654667624938e-02
6.507239114164019289e-02
6.504311383722123641e-02
6.501396424274155650e-02
6.498494196895418518e-02
6.495604662803558527e-02
6.492727783357814253e-02
6.489863520058303248e-02
6.487011834545269862e-02
6.484172688598369150e-02
6.481346044135943840e-02
6.478531863214306852e-02
6.475730108027034915e-02
6.472940740904253865e-02
6.470163724311941977e-02
6.467399020851223590e-02
6.464646593257679374e-02
6.461906404400660775e-02
6.459178417282598894e-02
6.456462595038321706e-02
6.453758900934382370e-02
6.451067298368387548e-02
6.448387750868325718e-02
6.445720222091901042e-02
6.443064675825881105e-02
6.440421075985430788e-02
6.437789386613469722e-02
6.435169571880025585e-02
6.432561596081577682e-02
6.429965423640432443e-02
6.427381019104083659e-02
6.424808347144579657e-02
6.422247372557884915e-02
6.419698060263281936e-02
6.417160375302728703e-02
6.414634282840253610e-02
6.412119748161340671e-02
6.409616736672321680e-02
6.407125213899775296e-02
6.404645145489916425e-02
6.402176497208011963e-02
6.399719234937778500e-02
6.397273324680799456e-02
6.394838732555932492e-02
6.392415424798733592e-02
6.390003367760876962e-02
6.387602527909573558e-02
6.385212871827007641e-02
6.382834366209769184e-02
6.380466977868284872e-02
6.378110673726253288e-02
6.375765420820103668e-02
6.373431186298419981e-02
6.371107937421408018e-02
6.368795641560343057e-02
6.366494266197017526e-02
6.364203778923213650e-02
6.361924147440159438e-02
6.359655339557993003e-02
6.357397323195235206e-02
6.355150066378259521e-02
6.352913537240775788e-02
6.350687704023298685e-02
6.348472535072632872e-02
6.346267998841360891e-02
6.344074063887335246e-02
6.341890698873162147e-02
6.339717872565697743e-02
6.337555553835549915e-02
6.335403711656577286e-02
6.333262315105391005e-02
6.331131333360867641e-02
6.329010735703646806e-02
6.326900491515662084e-02
6.324800570279638656e-02
6.322710941578621457e-02
6.320631575095506105e-02
6.318562440612537912e-02
6.316503508010860857e-02
6.314454747270042967e-02
6.312416128467610021e-02
6.310387621778570932e-02
6.308369197474972268e-02
6.306360825925427793e-02
6.304362477594670222e-02
6.302374123043094634e-02
6.300395732926310222e-02
6.298427277994685103e-02
6.296468729092917493e-02
6.294520057159577742e-02
6.292581233226673953e-02
6.290652228419216230e-02
6.288733013954785067e-02
6.286823561143091432e-02
6.284923841385560428e-02
6.283033826174888592e-02
6.281153487094631727e-02
6.279282795818777463e-02
6.277421724111340029e-02
6.275570243825911998e-02
6.273728326905292363e-02
6.271895945381036896e-02
6.270073071373072349e-02
6.268259677089281501e-02
6.266455734825104873e-02
6.264661216963123003e-02
6.262876095972680357e-02
6.261100344409468998e-02
6.259333934915142783e-02
6.257576840216923231e-02
6.255829033127208172e-02
6.254090486543183169e-02
6.252361173446444043e-02
6.250641066902601350e-02
6.248930140060903610e-02
6.247228366153866758e-02
6.245535718496887656e-02
6.243852170487872166e-02
6.242177695606868082e-02
6.240512267415686265e-02
6.238855859557543293e-02
6.237208445756683289e-02
6.235569999818025427e-02
6.233940495626806577e-02
6.232319907148198279e-02
6.230708208426978534e-02
6.229105373587161959e-02
6.227511376831643825e-02
6.225926192441856577e-02
6.224349794777422895e-02
6.222782158275801112e-02
6.221223257451941741e-02
6.219673066897953018e-02
6.218131561282747716e-02
6.216598715351716320e-02
6.215074503926384941e-02
6.213558901904070453e-02
6.212051884257571710e-02
6.210553426034813584e-02
6.209063502358534714e-02
6.207582088425951661e-02
6.206109159508436252e-02
6.204644690951192226e-02
6.203188658172933273e-02
6.201741036665567308e-02
6.200301801993872430e-02
6.198870929795181894e-02
6.197448395779076719e-02
6.196034175727062332e-02
6.194628245492272284e-02
6.193230580999145585e-02
6.191841158243124171e-02
6.190459953290357309e-02
6.189086942277381709e-02
6.187722101410832870e-02
6.186365406967139768e-02
6.185016835292224402e-02
6.183676362801215909e-02
6.182343965978138317e-02
6.181019621375632295e-02
6.179703305614662329e-02
6.178394995384212801e-02
6.177094667441020842e-02
6.175802298609273100e-02
6.174517865780330267e-02
6.173241345912440503e-02
6.171972716030452860e-02
6.170711953225549440e-02
6.169459034654956042e-02
6.168213937541669467e-02
6.166976639174185509e-02
6.165747116906220016e-02
6.164525348156433410e-02
6.163311310408173954e-02
6.162104981209194643e-02
6.160906338171391605e-02
6.159715358970541121e-02
6.158532021346028312e-02
6.157356303100589012e-02
6.156188182100046091e-02
6.155027636273050634e-02
6.153874643610822426e-02
6.152729182166893213e-02
6.151591230056853432e-02
6.150460765458092699e-02
6.149337766609551392e-02
6.148222211811471549e-02
6.147114079425138738e-02
6.146013347872635035e-02
6.144919995636604487e-02
6.143834001259992905e-02
6.142755343345809166e-02
6.141684000556881656e-02
6.140619951615615413e-02
6.139563175303757586e-02
6.138513650462149723e-02
6.137471355990496008e-02
6.136436270847127339e-02
6.135408374048760549e-02
6.134387644670274975e-02
6.133374061844471675e-02
6.132367604761840285e-02
6.131368252670340441e-02
6.130375984875164469e-02
6.129390780738512567e-02
6.128412619679365209e-02
6.127441481173262483e-02
6.126477344752082749e-02
6.125520190003806709e-02
6.124569996572316183e-02
6.123626744157152635e-02
6.122690412513318720e-02
6.121760981451056238e-02
6.120838430835618543e-02
6.119922740587065840e-02
6.119013890680051471e-02
6.118111861143606806e-02
6.117216632060929610e-02
6.116328183569175181e-02
6.115446495859244713e-02
6.114571549175591009e-02
6.113703323815981860e-02
6.112841800131331438e-02
6.111986958525469221e-02
6.111138779454940162e-02
6.110297243428822189e-02
6.109462331008498615e-02
6.108634022807475639e-02
6.107812299491175573e-02
6.106997141776739774e-02
6.106188530432843375e-02
6.105386446279480878e-02
6.104590870187782264e-02
6.103801783079824961e-02
6.103019165928427747e-02
6.102242999756971042e-02
6.101473265639197063e-02
6.100709944699033577e-02
6.099953018110387815e-02
6.099202467096979247e-02
6.098458272932136270e-02
6.097720416938622046e-02
6.096988880488447837e-02
6.096263645002680115e-02
6.095544691951279570e-02
6.094832002852900582e-02
6.094125559274714277e-02
6.093425342832242686e-02
6.092731335189162378e-02
6.092043518057138618e-02
6.091361873195647730e-02
6.090686382411795996e-02
6.090017027560157281e-02
6.089353790542580136e-02
6.088696653308038609e-02
6.088045597852441426e-02
6.087400606218475174e-02
6.086761660495423193e-02
6.086128742819002513e-02
6.085501835371197321e-02
6.084880920380089653e-02
6.084265980119699102e-02
6.083656996909797554e-02
6.083053953115780121e-02
6.082456831148462528e-02
6.081865613463947884e-02
6.081280282563453904e-02
6.080700820993148459e-02
6.080127211343999694e-02
6.079559436251604637e-02
6.078997478396042792e-02
6.078441320501708212e-02
6.077890945337166562e-02
6.077346335714983727e-02
6.076807474491580097e-02
6.076274344567074437e-02
6.075746928885134013e-02
6.075225210432814993e-02
6.074709172240422284e-02
6.074198797381338832e-02
6.073694068971900728e-02
6.073194970171227891e-02
6.072701484181087378e-02
6.072213594245741419e-02
6.071731283651797539e-02
6.071254535728070473e-02
6.070783333845429508e-02
6.070317661416658322e-02
6.069857501896308571e-02
6.069402838780559029e-02
6.068953655607072645e-02
6.068509935954852913e-02
6.068071663444105091e-02
6.067638821736100890e-02
6.067211394533029295e-02
6.066789365577866799e-02
6.066372718654233775e-02
6.065961437586259164e-02
6.065555506238450023e-02
6.065154908515543730e-02
6.064759628362385857e-02
6.064369649763783066e-02
6.063984956744386534e-02
6.063605533368540690e-02
6.063231363740163860e-02
6.062862432002609492e-02
6.062498722338542645e-02
6.062140218969803984e-02
6.061786906157280719e-02
6.061438768200784477e-02
6.061095789438912529e-02
6.060757954248928436e-02
6.060425247046633684e-02
6.060097652286242087e-02
6.059775154460250030e-02
6.059457738099318508e-02
6.059145387772144065e-02
6.058838088085339441e-02
6.058535823683301735e-02
6.058238579248106936e-02
6.057946339499367672e-02
6.057659089194127738e-02
6.057376813126739978e-02
6.057099496128738603e-02
6.056827123068727475e-02
6.056559678852257989e-02
6.056297148421714571e-02
6.056039516756192564e-02
6.055786768871389281e-02
6.055538889819475634e-02
6.055295864688995527e-02
6.055057678604740951e-02
6.054824316727637490e-02
6.054595764254642326e-02
6.054372006418612395e-02
6.054153028488210020e-02
6.053938815767777315e-02
6.053729353597235574e-02
6.053524627351963144e-02
6.053324622442696895e-02
6.053129324315419113e-02
6.052938718451238848e-02
6.052752790366293378e-02
6.052571525611639969e-02
6.052394909773151088e-02
6.052222928471392288e-02
6.052055567361530608e-02
6.051892812133226329e-02
6.051734648510521952e-02
6.051581062251745746e-02
6.051432039149400727e-02
6.051287565030059878e-02
6.051147625754269704e-02
6.051012207216446837e-02
6.050881295344766320e-02
6.050754876101071406e-02
6.050632935480767388e-02
6.050515459512718908e-02
6.050402434259153500e-02
6.050293845815565147e-02
6.050189680310602558e-02
6.050089923905985212e-02
6.049994562796395109e-02
6.049903583209385871e-02
6.049816971405280741e-02
6.049734713677075437e-02
6.049656796350348642e-02
6.049583205783160000e-02
6.049513928365952975e-02
6.049448950521474355e-02
6.049388258704654214e-02
6.049331839402540684e-02
6.049279679134184073e-02
6.049231764450560545e-02
6.049188081934464556e-02
6.049148618200431149e-02
6.049113359894631864e-02
6.049082293694794943e-02
6.049055406310106797e-02
6.049032684481121802e-02
6.049014114979679030e-02
6.048999684608807881e-02
6.048989380202636490e-02
6.048983188626309154e-02
6.048981096775901678e-02
6.048983091578320759e-02
6.048989159991228354e-02
6.048999289002947310e-02
6.049013465632381570e-02
6.049031676928927348e-02
6.049053909972387094e-02
6.049080151872886224e-02
6.049110389770781526e-02
6.049144610836588998e-02
6.049182802270892945e-02
6.049224951304258552e-02
6.049271045197159025e-02
6.049321071239884690e-02
6.049375016752463891e-02
6.049432869084579723e-02
6.049494615615493009e-02
6.049560243753952099e-02
6.049629740938124167e-02
6.049703094635507095e-02
6.049780292342847587e-02
6.049861321586066237e-02
6.049946169920182582e-02
6.050034824929226979e-02
6.050127274226164975e-02
6.050223505452821671e-02
6.050323506279810248e-02
6.050427264406435524e-02
6.050534767560634963e-02
6.050646003498900971e-02
6.050760960006192068e-02
6.050879624895866282e-02
6.051001986009610367e-02
6.051128031217352377e-02
6.051257748417195048e-02
6.051391125535339477e-02
6.051528150526012950e-02
6.051668811371391926e-02
6.051813096081527787e-02
6.051960992694281616e-02
6.052112489275239537e-02
6.052267573917650967e-02
6.052426234742351585e-02
6.052588459897694645e-02
6.052754237559471173e-02
6.052923555930853072e-02
6.053096403242308465e-02
6.053272767751542022e-02
6.053452637743414466e-02
6.053636001529888455e-02
6.053822847449939759e-02
6.054013163869499670e-02
6.054206939181390468e-02
6.054404161805246321e-02
6.054604820187448749e-02
6.054808902801062098e-02
6.055016398145762757e-02
6.055227294747773936e-02
6.055441581159795583e-02
6.055659245960944709e-02
6.055880277756677671e-02
6.056104665178735358e-02
6.056332396885073799e-02
6.056563461559793388e-02
6.056797847913084065e-02
6.057035544681146910e-02
6.057276540626146261e-02
6.057520824536127835e-02
6.057768385224972935e-02
6.058019211532319342e-02
6.058273292323505810e-02
6.058530616489503362e-02
6.058791172946866033e-02
6.059054950637647596e-02
6.059321938529354384e-02
6.059592125614884223e-02
6.059865500912452185e-02
6.060142053465540635e-02
6.060421772342832608e-02
6.060704646638153531e-02
6.060990665470409461e-02
6.061279817983528106e-02
6.061572093346391521e-02
6.061867480752788917e-02
6.062165969421348666e-02
6.062467548595475153e-02
6.062772207543302982e-02
6.063079935557627587e-02
6.063390721955844859e-02
6.063704556079904662e-02
6.064021427296240052e-02
6.064341324995718013e-02
6.064664238593577700e-02
6.064990157529376313e-02
6.065319071266925266e-02
6.065650969294242301e-02
6.065985841123491817e-02
6.066323676290921729e-02
6.066664464356819053e-02
6.067008194905444685e-02
6.067354857544984825e-02
6.067704441907488533e-02
6.068056937648819149e-02
6.068412334448591156e-02
6.068770622010126459e-02
6.069131790060396797e-02
6.069495828349954353e-02
6.069862726652901219e-02
6.070232474766825564e-02
6.070605062512735711e-02
6.070980479735034463e-02
6.071358716301437919e-02
6.071739762102938004e-02
6.072123607053750427e-02
6.072510241091251537e-02
6.072899654175939466e-02
6.073291836291368900e-02
6.073686777444108759e-02
6.074084467663692921e-02
6.074484897002556394e-02
6.074888055535994369e-02
6.075293933362107407e-02
6.075702520601752865e-02
6.076113807398493549e-02
6.076527783918547060e-02
6.076944440350733057e-02
6.077363766906426074e-02
6.077785753819509723e-02
6.078210391346322572e-02
6.078637669765600549e-02
6.079067579378448494e-02
6.079500110508270772e-02
6.079935253500737269e-02
6.080372998723723721e-02
6.080813336567271465e-02
6.081256257443531238e-02
6.081701751786729171e-02
6.082149810053099487e-02
6.082600422720854660e-02
6.083053580290129908e-02
6.083509273282931840e-02
6.083967492243101682e-02
6.084428227736258382e-02
6.084891470349759746e-02
6.085357210692655949e-02
6.085825439395631947e-02
6.086296147110978327e-02
6.086769324512527474e-02
6.087244962295626505e-02
6.087723051177072742e-02
6.088203581895085259e-02
6.088686545209245904e-02
6.089171931900466683e-02
6.089659732770931477e-02
6.090149938644064120e-02
6.090642540364471502e-02
6.091137528797914424e-02
6.091634894831245844e-02
6.092134629372380344e-02
6.092636723350246253e-02
6.093141167714735684e-02
6.093647953436674702e-02
6.094157071507762258e-02
6.094668512940544514e-02
6.095182268768356559e-02
6.095698330045290492e-02
6.096216687846148924e-02
6.096737333266399883e-02
6.097260257422138646e-02
6.097785451450037086e-02
6.098312906507317305e-02
6.098842613771692650e-02
6.099374564441335800e-02
6.099908749734836433e-02
6.100445160891151269e-02
6.100983789169577703e-02
6.101524625849699679e-02
6.102067662231346751e-02
6.102612889634565635e-02
6.103160299399564004e-02
6.103709882886682037e-02
6.104261631476343847e-02
6.104815536569017931e-02
6.105371589585185943e-02
6.105929781965287184e-02
6.106490105169691540e-02
6.107052550678657155e-02
6.107617109992286714e-02
6.108183774630486507e-02
6.108752536132936589e-02
6.109323386059039435e-02
6.109896315987890791e-02
6.110471317518238743e-02
6.111048382268439300e-02
6.111627501876418234e-02
6.112208667999641937e-02
6.112791872315072317e-02
6.113377106519120308e-02
6.113964362327622970e-02
6.114553631475799778e-02
6.115144905718208901e-02
6.115738176828713901e-02
6.116333436600449036e-02
6.116930676845773462e-02
6.117529889396245563e-02
6.118131066102573679e-02
6.118734198834589744e-02
6.119339279481196547e-02
