1.000000000000000000e+00
9.803921924031130386e-01
9.615385299116125939e-01
9.433963251411570106e-01
9.259260527304614685e-01
9.090910618851394398e-01
8.928573197203675260e-01
8.771931816200685406e-01
8.620691853520029424e-01
8.474578661202751828e-01
8.333335901125618062e-01
8.196724044197177816e-01
8.064519014792719265e-01
7.936510964290443004e-01
7.812503159588466417e-01
7.692310974220112341e-01
7.575760971185865333e-01
7.462690067919649506e-01
7.352944774934474514e-01
7.246380500672705560e-01
7.142860915940514310e-01
7.042257372052032061e-01
6.944448367461439897e-01
6.849319058233427349e-01
6.756760808205221069e-01
6.666670775135585814e-01
6.578951529526240183e-01
6.493510703145468632e-01
6.410260664588333102e-01
6.329118219477869456e-01
6.250004333151149005e-01
6.172843873887110533e-01
6.097565374922566672e-01
6.024100813671846577e-01
5.952385406716464988e-01
5.882357419266081022e-01
5.813957987912857783e-01
5.747130955609667247e-01
5.681822717899749353e-01
5.617982079512910953e-01
5.555560120521959577e-01
5.494510071323994715e-01
5.434787195775063751e-01
5.376348681864524526e-01
5.319153539367637018e-01
5.263162503962171002e-01
5.208337947337757790e-01
5.154643792865445384e-01
5.102045436430358016e-01
5.050509672062377664e-01
5.000004622028959567e-01
4.950499671080856312e-01
4.901965404565748474e-01
4.854373550146882099e-01
4.807696922884109880e-01
4.761909373453131478e-01
4.716985739295750379e-01
4.672901798509330185e-01
4.629634226297977273e-01
4.587160553820880393e-01
4.545459129285303046e-01
4.504509081142639149e-01
4.464290283256120428e-01
4.424783321918010492e-01
4.385969464602754164e-01
4.347830630350375536e-01
4.310349361681781177e-01
4.273508797954298499e-01
4.237292650072013722e-01
4.201685176471227079e-01
4.166671160306624766e-01
4.132235887768714311e-01
4.098365127467624158e-01
4.065045110822557706e-01
4.032262513400158288e-01
4.000004437148620418e-01
3.968258393477802626e-01
3.937012287138692002e-01
3.906254400858542031e-01
3.875973380690628245e-01
3.846158222040185204e-01
3.816798256330372618e-01
3.787883138274329431e-01
3.759402833721427473e-01
3.731347608047712039e-01
3.703708015062338599e-01
3.676474886403414688e-01
3.649639321398261416e-01
3.623192677364545089e-01
3.597126560330045630e-01
3.571432816150165723e-01
3.546103522003403730e-01
3.521130978246185816e-01
3.496507700609444158e-01
3.472226412720340050e-01
3.448280038933432823e-01
3.424661697456458098e-01
3.401364693756689372e-01
3.378382514234603562e-01
3.355708820152299432e-01
3.333337441804785084e-01
3.311262372922859631e-01
3.289477765296944245e-01
3.267977923611732338e-01
3.246757300482100983e-01
3.225810491681163628e-01
3.205132231551875432e-01
3.184717388593976128e-01
3.164560961218530477e-01
3.144658073662666142e-01
3.125003972057513457e-01
3.105594020642676867e-01
3.086423698120915882e-01
3.067488594147005365e-01
3.048784405945058062e-01
3.030306935048842631e-01
3.012052084159937970e-01
2.994015854118747821e-01
2.976194340983710496e-01
2.958583733214198985e-01
2.941180308952845990e-01
2.923980433403226553e-01
2.906980556299020302e-01
2.890177209460949026e-01
2.873567004437946881e-01
2.857146630229215889e-01
2.840912851083944868e-01
2.824862504375586503e-01
2.808992498547825400e-01
2.793299811129359433e-01
2.777781486814886458e-01
2.762434635609682942e-01
2.747256431035362545e-01
2.732244108394453752e-01
2.717394963091575022e-01
2.702706349009054709e-01
2.688175676934946856e-01
2.673800413041493296e-01
2.659578077412134700e-01
2.645506242615296988e-01
2.631582532323200052e-01
2.617804619974070657e-01
2.604170227476144683e-01
2.590677123951975469e-01
2.577323124521566089e-01
2.564106089122950016e-01
2.551023921368875125e-01
2.538074567438305951e-01
2.525256015001524634e-01
2.512566292177629279e-01
2.500003466523321172e-01
2.487565644051864810e-01
2.475250968281197117e-01
2.463057619310162205e-01
2.450983812921929406e-01
2.439027799713636702e-01
2.427187864251393046e-01
2.415462324249776915e-01
2.403849529774991500e-01
2.392347862470909636e-01
2.380955734807218560e-01
2.369671589348956442e-01
2.358493898046712944e-01
2.347421161546827117e-01
2.336451908520930376e-01
2.325584695014193404e-01
2.314818103811679406e-01
2.304150743822213909e-01
2.293581249479227646e-01
2.283108280157989944e-01
2.272730519608758548e-01
2.262446675405304086e-01
2.252255478408348166e-01
2.242155682243431314e-01
2.232146062792772501e-01
2.222225417700675332e-01
2.212392565892068452e-01
2.202646347103763835e-01
2.192985621428062970e-01
2.183409268868308772e-01
2.173916188906040714e-01
2.164505300079385686e-01
2.155175539572359578e-01
2.145925862814736240e-01
2.136755243092187395e-01
2.127662671166362929e-01
2.118647154904642893e-01
2.109707718919253683e-01
2.100843404215488597e-01
2.092053267848754394e-01
2.083336382590196267e-01
2.074691836600641714e-01
2.066118733112636274e-01
2.057616190120323818e-01
2.049183340076954074e-01
2.040819329599802556e-01
2.032523319182278077e-01
2.024294482913034654e-01
2.016132008201870773e-01
2.008035095512240853e-01
2.000002958100176864e-01
1.992034821759458008e-01
1.984129924572849146e-01
1.976287516669229805e-01
1.968506859986473567e-01
1.960787228039890528e-01
1.953127905696113442e-01
1.945528188952248272e-01
1.937987384720173678e-01
1.930504810615825684e-01
1.923079794753354832e-01
1.915711675544008452e-01
1.908399801499620907e-01
1.901143531040589418e-01
1.893942232308211682e-01
1.886795282981270916e-01
1.879702070096759825e-01
1.872661989874635502e-01
1.865674447546495363e-01
1.858738857188071969e-01
1.851854641555454872e-01
1.845021231924936223e-01
1.838238067936389386e-01
1.831504597440089532e-01
1.824820276346889036e-01
1.818184568481660823e-01
1.811596945439931106e-01
1.805056886447612419e-01
1.798563878223764234e-01
1.792117414846314816e-01
1.785716997620645785e-01
1.779362134950991381e-01
1.773052342214573862e-01
1.766787141638406777e-01
1.760566062178696711e-01
1.754388639402789107e-01
1.748254415373589887e-01
1.742162938536400141e-01
1.736113763608113647e-01
1.730106451468708118e-01
1.724140569054988803e-01
1.718215689256517298e-01
1.712331390813681686e-01
1.706487258217851688e-01
1.700682881613574671e-01
1.694917856702758407e-01
1.689191784650796446e-01
1.683504271994589740e-01
1.677854930552422907e-01
1.672243377335644599e-01
1.666669234462117566e-01
1.661132129071391794e-01
1.655631693241565727e-01
1.650167563907791179e-01
1.644739382782385850e-01
1.639346796276523466e-01
1.633989455423450199e-01
1.628667015803210161e-01
1.623379137468832778e-01
1.618125484873954023e-01
1.612905726801838191e-01
1.607719536295770801e-01
1.602566590590789875e-01
1.597446571046723385e-01
1.592359163082508744e-01
1.587304056111762396e-01
1.582280943479573154e-01
1.577289522400490418e-01
1.572329493897684782e-01
1.567400562743252457e-01
1.562502437399635458e-01
1.557634829962143974e-01
1.552797456102541773e-01
1.547990035013682708e-01
1.543212289355177791e-01
1.538463945200054250e-01
1.533744731982407405e-01
1.529054382446005667e-01
1.524392632593838948e-01
1.519759221638585511e-01
1.515153891953983090e-01
1.510576389027074862e-01
1.506026461411326123e-01
1.501503860680577507e-01
1.497008341383835872e-01
1.492539661000862328e-01
1.488097579898565170e-01
1.483681861288159154e-01
1.479292271183096086e-01
1.474928578357725673e-01
1.470590554306702435e-01
1.466277973205092899e-01
1.461990611869190826e-01
1.457728249718014124e-01
1.453490668735475388e-01
1.449277653433209967e-01
1.445088990814046848e-01
1.440924470336113206e-01
1.436783883877557066e-01
1.432667025701876706e-01
1.428573692423844299e-01
1.424503682976010766e-01
1.420456798575785440e-01
1.416432842693069738e-01
1.412431621018444272e-01
1.408452941431890260e-01
1.404496613972041064e-01
1.400562450805947490e-01
1.396650266199352675e-01
1.392759876487460746e-01
1.388891100046196481e-01
1.385043757263937914e-01
1.381217670513722739e-01
1.377412664125908515e-01
1.373628564361290272e-01
1.369865199384650845e-01
1.366122399238755281e-01
1.362399995818762699e-01
1.358697822847057812e-01
1.355015715848492397e-01
1.351353512126027556e-01
1.347711050736770111e-01
1.344088172468395070e-01
1.340484719815947801e-01
1.336900536959017838e-01
1.333335469739279633e-01
1.329789365638388843e-01
1.326262073756231952e-01
1.322753444789522281e-01
1.319263331010733231e-01
1.315791586247363754e-01
1.312338065861532732e-01
1.308902626729890883e-01
1.305485127223849073e-01
1.302085427190116385e-01
1.298703387931539055e-01
1.295338872188240009e-01
1.291991744119047603e-01
1.288661869283214689e-01
1.285349114622417466e-01
1.282053348443033813e-01
1.278774440398689483e-01
1.275512261473075171e-01
1.272266683963025058e-01
1.269037581461850972e-01
1.265824828842932182e-01
1.262628302243553602e-01
1.259447879048986585e-01
1.256283437876811182e-01
1.253134858561472664e-01
1.250002022139072855e-01
1.246884810832384477e-01
1.243783108036093654e-01
1.240696798302258763e-01
1.237625767325986476e-01
1.234569901931320546e-01
1.231529090057338210e-01
1.228503220744454061e-01
1.225492184120919592e-01
1.222495871389526201e-01
1.219514174814502888e-01
1.216546987708600619e-01
1.213594204420369305e-01
1.210655720321616585e-01
1.207731431795050353e-01
1.204821236222099190e-01
1.201925031970909469e-01
1.199042718384511208e-01
1.196174195769161563e-01
1.193319365382844305e-01
1.190478129423946374e-01
1.187650391020084462e-01
1.184836054217096313e-01
1.182035023968188575e-01
1.179247206123234804e-01
1.176472507418227231e-01
1.173710835464876340e-01
1.170962098740356838e-01
1.168226206577196308e-01
1.165503069153307203e-01
1.162792597482154855e-01
1.160094703403066474e-01
1.157409299571671712e-01
1.154736299450475900e-01
1.152075617299565258e-01
1.149427168167438396e-01
1.146790867881965492e-01
1.144166633041471398e-01
1.141554381005938645e-01
1.138954029888335773e-01
1.136365498546057090e-01
1.133788706572484012e-01
1.131223574288660605e-01
1.128670022735078909e-01
1.126127973663578058e-01
1.123597349529351086e-01
1.121078073483059850e-01
1.118570069363056529e-01
1.116073261687707124e-01
1.113587575647820294e-01
1.111112937099174303e-01
1.108649272555146809e-01
1.106196509179439291e-01
1.103754574778897102e-01
1.101323397796432069e-01
1.098902907304026011e-01
1.096493032995838057e-01
1.094093705181395509e-01
1.091704854778874773e-01
1.089326413308473601e-01
1.086958312885865779e-01
1.084600486215742676e-01
1.082252866585439038e-01
1.079915387858641496e-01
1.077587984469176030e-01
1.075270591414879684e-01
1.072963144251547207e-01
1.070665579086957919e-01
1.068377832574979036e-01
1.066099841909742413e-01
1.063831544819897890e-01
1.061572879562939498e-01
1.059323784919602579e-01
1.057084200188332379e-01
1.054854065179823414e-01
1.052633320211628504e-01
1.050421906102831926e-01
1.048219764168795698e-01
1.046026836215965122e-01
1.043843064536744553e-01
1.041668391904435054e-01
1.039502761568235345e-01
1.037346117248304500e-01
1.035198403130887790e-01
1.033059563863501229e-01
1.030929544550175242e-01
1.028808290746759529e-01
1.026695748456283031e-01
1.024591864124373419e-01
1.022496584634730865e-01
1.020409857304656609e-01
1.018331629880640660e-01
1.016261850533996397e-01
1.014200467856555404e-01
1.012147430856408792e-01
1.010102688953703615e-01
1.008066191976488696e-01
1.006037890156611658e-01
1.004017734125663558e-01
1.002005674910975003e-01
1.000001663931657236e-01
9.980056529946931820e-02
9.960175942910730329e-02
9.940374403919791102e-02
9.920651442450116597e-02
9.901006591704636373e-02
9.881439388576376825e-02
9.861949373612065306e-02
9.842536090976167218e-02
9.823199088415361657e-02
9.803937917223395915e-02
9.784752132206418762e-02
9.765641291648632927e-02
9.746604957278422188e-02
9.727642694234857335e-02
9.708754071034549071e-02
9.689938659538954724e-02
9.671196034922016627e-02
9.652525775638176597e-02
9.633927463390780377e-02
9.615400683100848445e-02
9.596945022876193776e-02
9.578560073980865730e-02
9.560245430805029698e-02
9.542000690835089616e-02
9.523825454624221254e-02
9.505719325763230254e-02
9.487681910851704370e-02
9.469712819469557064e-02
9.451811664148805636e-02
9.433978060345792060e-02
9.416211626413580060e-02
9.398511983574771300e-02
9.380878755894565824e-02
9.363311570254169436e-02
9.345810056324443948e-02
9.328373846539911307e-02
9.311002576073004744e-02
9.293695882808634956e-02
9.276453407319018574e-02
9.259274792838805002e-02
9.242159685240454448e-02
9.225107733009926814e-02
9.208118587222592633e-02
9.191191901519452090e-02
9.174327332083585806e-02
9.157524537616880400e-02
9.140783179316999685e-02
9.124102920854625098e-02
9.107483428350912624e-02
9.090924370355238371e-02
9.074425417823149542e-02
9.057986244094573536e-02
9.041606524872254635e-02
9.025285938200434954e-02
9.009024164443764360e-02
8.992820886266424119e-02
8.976675788611482298e-02
8.960588558680483706e-02
8.944558885913242441e-02
8.928586461967866206e-02
8.912670980700969359e-02
8.896812138148121885e-02
8.881009632504510698e-02
8.865263164105766092e-02
8.849572435409054638e-02
8.833937150974294217e-02
8.818357017445657697e-02
8.802831743533197362e-02
8.787361039994685818e-02
8.771944619617684513e-02
8.756582197201739914e-02
8.741273489540807295e-02
8.726018215405842438e-02
8.710816095527598724e-02
8.695666852579561623e-02
8.680570211161098282e-02
8.665525897780756992e-02
8.650533640839776217e-02
8.635593170615714353e-02
8.620704219246280720e-02
8.605866520713338630e-02
8.591079810827048635e-02
8.576343827210201887e-02
8.561658309282681178e-02
8.547022998246127379e-02
8.532437637068709946e-02
8.517901970470104223e-02
8.503415744906578366e-02
8.488978708556262076e-02
8.474590611304545773e-02
8.460251204729657415e-02
8.445960242088332293e-02
8.431717478301693769e-02
8.417522669941215896e-02
8.403375575214869220e-02
8.389275953953399811e-02
8.375223567596715157e-02
8.361218179180446297e-02
8.347259553322622372e-02
8.333347456210489501e-02
8.319481655587449009e-02
8.305661920740139981e-02
8.291888022485624510e-02
8.278159733158746425e-02
8.264476826599571890e-02
8.250839078140961846e-02
8.237246264596297107e-02
8.223698164247282560e-02
8.210194556831906798e-02
8.196735223532491954e-02
8.183319946963892033e-02
8.169948511161767568e-02
8.156620701571015708e-02
8.143336305034284961e-02
8.130095109780610674e-02
8.116896905414167085e-02
8.103741482903117910e-02
8.090628634568582112e-02
8.077558154073712082e-02
8.064529836412862029e-02
8.051543477900871548e-02
8.038598876162461604e-02
8.025695830121692964e-02
8.012834139991600879e-02
8.000013607263836701e-02
7.987234034698480201e-02
7.974495226313929597e-02
7.961796987376856816e-02
7.949139124392316791e-02
7.936521445093895621e-02
7.923943758433983631e-02
7.911405874574135855e-02
7.898907604875515798e-02
7.886448761889441883e-02
7.874029159348004681e-02
7.861648612154792382e-02
7.849306936375699539e-02
7.837003949229805200e-02
7.824739469080366217e-02
7.812513315425854976e-02
7.800325308891131737e-02
7.788175271218648887e-02
7.776063025259777328e-02
7.763988394966184203e-02
7.751951205381314713e-02
7.739951282631932217e-02
7.727988453919754086e-02
7.716062547513147241e-02
7.704173392738922210e-02
7.692320819974184098e-02
7.680504660638270975e-02
7.668724747184750556e-02
7.656980913093515417e-02
7.645272992862925387e-02
7.633600822002040154e-02
7.621964237022912925e-02
7.610363075432954871e-02
7.598797175727368958e-02
7.587266377381673976e-02
7.575770520844257727e-02
7.564309447529014852e-02
7.552882999808077646e-02
7.541491021004570472e-02
7.530133355385451588e-02
7.518809848154424380e-02
7.507520345444898546e-02
7.496264694313017896e-02
7.485042742730758925e-02
7.473854339579089068e-02
7.462699334641173521e-02
7.451577578595661167e-02
7.440488923010017686e-02
7.429433220333922505e-02
7.418410323892719871e-02
7.407420087880943471e-02
7.396462367355882694e-02
7.385537018231200235e-02
7.374643897270634352e-02
7.363782862081724723e-02
7.352953771109617398e-02
7.342156483630908614e-02
7.331390859747552446e-02
7.320656760380818417e-02
7.309954047265300459e-02
7.299282582942979991e-02
7.288642230757352847e-02
7.278032854847571453e-02
7.267454320142686941e-02
7.256906492355902349e-02
7.246389237978899389e-02
7.235902424276190181e-02
7.225445919279556428e-02
7.215019591782496911e-02
7.204623311334738822e-02
7.194256948236808780e-02
7.183920373534628812e-02
7.173613459014176186e-02
7.163336077196172380e-02
7.153088101330840054e-02
7.142869405392686388e-02
7.132679864075333609e-02
7.122519352786398084e-02
7.112387747642423541e-02
7.102284925463830945e-02
7.092210763769926651e-02
7.082165140773968859e-02
7.072147935378245154e-02
7.062159027169209735e-02
7.052198296412662271e-02
7.042265624048957284e-02
7.032360891688271831e-02
7.022483981605882886e-02
7.012634776737525222e-02
7.002813160674752069e-02
6.993019017660351277e-02
6.983252232583794794e-02
6.973512690976746420e-02
6.963800279008564020e-02
6.954114883481880838e-02
6.944456391828209008e-02
6.934824692103563892e-02
6.925219672984164743e-02
6.915641223762108991e-02
6.906089234341153404e-02
6.896563595232484134e-02
6.887064197550527012e-02
6.877590933008802254e-02
6.868143693915805537e-02
6.858722373170945963e-02
6.849326864260475711e-02
6.839957061253487680e-02
6.830612858797925624e-02
6.821294152116658127e-02
6.812000837003528986e-02
6.802732809819500570e-02
6.793489967488788861e-02
6.784272207495038731e-02
6.775079427877546412e-02
6.765911527227491673e-02
6.756768404684207474e-02
6.747649959931482921e-02
6.738556093193895369e-02
6.729486705233178601e-02
6.720441697344595178e-02
6.711420971353368459e-02
6.702424429611136825e-02
6.693451974992405129e-02
6.684503510891080802e-02
6.675578941216983586e-02
6.666678170392419112e-02
6.657801103348756633e-02
6.648947645523053951e-02
6.640117702854689274e-02
6.631311181782044428e-02
6.622527989239185287e-02
6.613768032652594941e-02
6.605031219937911036e-02
6.596317459496708890e-02
6.587626660213291574e-02
6.578958731451522990e-02
6.570313583051669293e-02
6.561691125327279162e-02
6.553091269062073787e-02
6.544513925506882657e-02
6.535959006376575176e-02
6.527426423847047798e-02
6.518916090552201448e-02
6.510427919580978606e-02
6.501961824474386531e-02
6.493517719222574591e-02
6.485095518261912995e-02
6.476695136472114533e-02
6.468316489173350781e-02
6.459959492123418245e-02
6.451624061514915631e-02
6.443310113972429420e-02
6.435017566549776358e-02
6.426746336727214015e-02
6.418496342408738786e-02
6.410267501919342248e-02
6.402059734002328584e-02
6.393872957816636171e-02
6.385707092934185536e-02
6.377562059337245348e-02
6.369437777415815072e-02
6.361334167965035369e-02
6.353251152182613770e-02
6.345188651666268387e-02
6.337146588411195214e-02
6.329124884807550699e-02
6.321123463637953743e-02
6.313142248075011287e-02
6.305181161678861945e-02
6.297240128394725189e-02
6.289319072550489387e-02
6.281417918854306781e-02
6.273536592392199573e-02
6.265675018625704862e-02
6.257833123389515417e-02
6.250010832889150991e-02
6.242208073698640725e-02
6.234424772758236782e-02
6.226660857372115498e-02
6.218916255206125010e-02
6.211190894285541914e-02
6.203484702992837635e-02
6.195797610065462147e-02
6.188129544593649195e-02
6.180480436018240264e-02
6.172850214128518254e-02
6.165238809060051561e-02
6.157646151292577724e-02
6.150072171647867625e-02
6.142516801287642436e-02
6.134979971711472524e-02
6.127461614754719371e-02
6.119961662586474033e-02
6.112480047707524039e-02
6.105016702948318219e-02
6.097571561466960666e-02
6.090144556747216498e-02
6.082735622596533581e-02
6.075344693144076047e-02
6.067971702838759196e-02
6.060616586447332976e-02
6.053279279052439094e-02
6.045959716050713223e-02
6.038657833150882365e-02
6.031373566371885098e-02
6.024106852041002241e-02
6.016857626792003477e-02
6.009625827563303685e-02
6.002411391596128992e-02
5.995214256432714744e-02
5.988034359914489596e-02
5.980871640180292909e-02
5.973726035664599782e-02
5.966597485095748860e-02
5.959485927494201363e-02
5.952391302170794568e-02
5.945313548725017494e-02
5.938252607043299769e-02
5.931208417297304664e-02
5.924180919942244328e-02
5.917170055715198496e-02
5.910175765633450540e-02
5.903197990992833238e-02
5.896236673366083564e-02
5.889291754601214818e-02
5.882363176819897788e-02
5.875450882415854392e-02
5.868554814053249247e-02
5.861674914665123554e-02
5.854811127451806790e-02
5.847963395879359622e-02
5.841131663678015423e-02
5.834315874840652338e-02
5.827515973621241047e-02
5.820731904533351514e-02
5.813963612348620191e-02
5.807211042095267867e-02
5.800474139056600170e-02
5.793752848769538610e-02
5.787047117023140508e-02
5.780356889857157093e-02
5.773682113560580503e-02
5.767022734670197021e-02
5.760378699969171540e-02
5.753749956485623013e-02
5.747136451491221404e-02
5.740538132499788115e-02
5.733954947265905433e-02
5.727386843783537768e-02
5.720833770284666081e-02
5.714295675237925781e-02
5.707772507347249474e-02
5.701264215550537473e-02
5.694770749018316508e-02
5.688292057152419257e-02
5.681828089584668728e-02
5.675378796175578611e-02
5.668944127013050144e-02
5.662524032411085650e-02
5.656118462908509698e-02
5.649727369267705523e-02
5.643350702473344527e-02
5.636988413731135877e-02
5.630640454466584455e-02
5.624306776323753643e-02
5.617987331164034370e-02
5.611682071064930111e-02
5.605390948318844657e-02
5.599113915431873367e-02
5.592850925122613837e-02
5.586601930320980736e-02
5.580366884167021341e-02
5.574145740009739391e-02
5.567938451405950173e-02
5.561744972119100211e-02
5.555565256118142475e-02
5.549399257576380362e-02
5.543246930870335959e-02
5.537108230578634965e-02
5.530983111480883285e-02
5.524871528556549866e-02
5.518773436983871739e-02
5.512688792138762534e-02
5.506617549593709193e-02
5.500559665116702690e-02
5.494515094670161109e-02
5.488483794409860367e-02
5.482465720683880883e-02
5.476460830031537608e-02
5.470469079182359307e-02
5.464490425055024136e-02
5.458524824756345178e-02
5.452572235580230298e-02
5.446632615006682943e-02
5.440705920700764087e-02
5.434792110511608293e-02
5.428891142471409248e-02
5.423002974794441378e-02
5.417127565876057871e-02
5.411264874291722010e-02
5.405414858796034339e-02
5.399577478321753582e-02
5.393752691978845326e-02
5.387940459053529307e-02
5.382140739007325314e-02
5.376353491476110191e-02
5.370578676269185947e-02
5.364816253368340226e-02
5.359066182926938704e-02
5.353328425268989721e-02
5.347602940888239453e-02
5.341889690447264305e-02
5.336188634776573014e-02
5.330499734873705986e-02
5.324822951902344337e-02
5.319158247191435596e-02
5.313505582234309688e-02
5.307864918687806022e-02
5.302236218371404047e-02
5.296619443266367688e-02
5.291014555514890472e-02
5.285421517419233717e-02
5.279840291440893868e-02
5.274270840199758725e-02
5.268713126473266450e-02
5.263167113195586777e-02
5.257632763456790426e-02
5.252110040502028926e-02
5.246598907730729011e-02
5.241099328695773829e-02
5.235611267102711214e-02
5.230134686808941141e-02
5.224669551822935104e-02
5.219215826303437444e-02
5.213773474558695137e-02
5.208342461045663285e-02
5.202922750369236987e-02
5.197514307281495688e-02
5.192117096680912841e-02
5.186731083611623855e-02
5.181356233262654487e-02
5.175992510967171445e-02
5.170639882201745474e-02
5.165298312585605428e-02
5.159967767879900663e-02
5.154648213986977312e-02
5.149339616949637211e-02
5.144041942950430130e-02
5.138755158310927273e-02
5.133479229491009349e-02
5.128214123088156717e-02
5.122959805836747177e-02
5.117716244607353748e-02
5.112483406406045927e-02
5.107261258373696489e-02
5.102049767785309109e-02
5.096848902049311292e-02
5.091658628706889622e-02
5.086478915431314612e-02
5.081309730027261384e-02
5.076151040430149780e-02
5.071002814705480310e-02
5.065865021048170797e-02
5.060737627781905501e-02
5.055620603358487036e-02
5.050513916357181332e-02
5.045417535484078564e-02
5.040331429571456856e-02
5.035255567577141128e-02
5.030189918583877901e-02
5.025134451798698304e-02
5.020089136552305376e-02
5.015053942298448170e-02
5.010028838613302810e-02
5.005013795194863946e-02
5.000008781862336216e-02
4.995013768555522926e-02
4.990028725334230697e-02
4.985053622377668553e-02
4.980088429983851178e-02
4.975133118569013968e-02
4.970187658667017672e-02
4.965252020928771076e-02
4.960326176121648833e-02
4.955410095128907205e-02
4.950503748949122707e-02
4.945607108695609933e-02
4.940720145595865753e-02
4.935842830990994773e-02
4.930975136335157688e-02
4.926117033195012707e-02
4.921268493249154191e-02
4.916429488287571425e-02
4.911599990211102523e-02
4.906779971030880705e-02
4.901969402867804859e-02
4.897168257951988596e-02
4.892376508622243991e-02
4.887594127325532722e-02
4.882821086616448425e-02
4.878057359156687256e-02
4.873302917714530946e-02
4.868557735164319444e-02
4.863821784485942989e-02
4.859095038764327940e-02
4.854377471188920518e-02
4.849669055053188599e-02
4.844969763754111702e-02
4.840279570791682084e-02
4.835598449768408608e-02
4.830926374388815059e-02
4.826263318458957896e-02
4.821609255885925954e-02
4.816964160677360968e-02
4.812328006940970460e-02
4.807700768884053122e-02
4.803082420813004072e-02
4.798472937132861049e-02
4.793872292346813835e-02
4.789280461055746979e-02
4.784697417957758936e-02
4.780123137847712422e-02
4.775557595616761880e-02
4.771000766251894121e-02
4.766452624835480767e-02
4.761913146544811959e-02
4.757382306651652265e-02
4.752860080521789654e-02
4.748346443614594181e-02
4.743841371482560021e-02
4.739344839770882889e-02
4.734856824217003463e-02
4.730377300650184802e-02
4.725906244991071037e-02
4.721443633251256461e-02
4.716989441532857402e-02
4.712543646028086869e-02
4.708106223018831971e-02
4.703677148876223013e-02
4.699256400060228961e-02
4.694843953119223756e-02
4.690439784689583169e-02
4.686043871495275404e-02
4.681656190347432966e-02
4.677276718143966866e-02
4.672905431869143339e-02
4.668542308593197354e-02
4.664187325471913503e-02
4.659840459746245056e-02
4.655501688741898320e-02
4.651170989868959327e-02
4.646848340621487217e-02
4.642533718577127044e-02
4.638227101396728141e-02
4.633928466823949988e-02
4.629637792684883346e-02
4.625355056887672095e-02
4.621080237422126036e-02
4.616813312359351745e-02
4.612554259851371630e-02
4.608303058130755470e-02
4.604059685510250577e-02
4.599824120382400849e-02
4.595596341219198439e-02
4.591376326571707661e-02
4.587164055069701402e-02
4.582959505421307922e-02
4.578762656412643794e-02
4.574573486907461406e-02
4.570391975846797850e-02
4.566218102248614102e-02
4.562051845207448081e-02
4.557893183894069083e-02
4.553742097555121132e-02
4.549598565512785742e-02
4.545462567164443302e-02
4.541334081982312948e-02
4.537213089513134068e-02
4.533099569377815885e-02
4.528993501271103006e-02
4.524894864961247209e-02
4.520803640289670217e-02
4.516719807170628542e-02
4.512643345590899857e-02
4.508574235609439512e-02
4.504512457357066207e-02
4.500457991036129618e-02
4.496410816920201614e-02
4.492370915353741806e-02
4.488338266751790845e-02
4.484312851599647071e-02
4.480294650452557037e-02
4.476283643935391465e-02
4.472279812742351729e-02
4.468283137636642338e-02
4.464293599450178118e-02
4.460311179083260857e-02
4.456335857504294118e-02
4.452367615749461272e-02
4.448406434922437536e-02
4.444452296194081192e-02
4.440505180802145624e-02
4.436565070050968451e-02
4.432631945311190508e-02
4.428705788019449835e-02
4.424786579678100656e-02
4.420874301854912231e-02
4.416968936182791988e-02
4.413070464359486467e-02
4.409178868147300284e-02
4.405294129372817197e-02
4.401416229926603807e-02
4.397545151762943805e-02
4.393680876899545840e-02
4.389823387417271516e-02
4.385972665459855757e-02
4.382128693233633410e-02
4.378291453007260997e-02
4.374460927111452346e-02
4.370637097938694787e-02
4.366819947942992414e-02
4.363009459639589221e-02
4.359205615604708206e-02
4.355408398475275888e-02
4.351617790948671821e-02
4.347833775782452420e-02
4.344056335794099083e-02
4.340285453860756593e-02
4.336521112918966664e-02
4.332763295964424388e-02
4.329011986051704147e-02
4.325267166294024385e-02
4.321528819862979071e-02
4.317796929988294841e-02
4.314071479957573563e-02
4.310352453116049476e-02
4.306639832866334533e-02
4.302933602668177621e-02
4.299233746038209208e-02
4.295540246549715835e-02
4.291853087832370878e-02
4.288172253572015979e-02
4.284497727510406390e-02
4.280829493444982675e-02
4.277167535228616757e-02
4.273511836769391947e-02
4.269862382030356618e-02
4.266219155029289667e-02
4.262582139838479167e-02
4.258951320584473954e-02
4.255326681447861581e-02
4.251708206663037254e-02
4.248095880517975542e-02
4.244489687354002783e-02
4.240889611565572259e-02
4.237295637600034526e-02
4.233707749957413974e-02
4.230125933190196502e-02
4.226550171903092207e-02
4.222980450752825132e-02
4.219416754447912615e-02
4.215859067748440464e-02
4.212307375465857567e-02
4.208761662462744135e-02
4.205221913652613941e-02
4.201688113999683949e-02
4.198160248518675863e-02
4.194638302274592001e-02
4.191122260382514064e-02
4.187612108007386647e-02
4.184107830363813230e-02
4.180609412715845935e-02
4.177116840376781520e-02
4.173630098708952518e-02
4.170149173123523234e-02
4.166674049080287823e-02
4.163204712087471837e-02
4.159741147701520592e-02
4.156283341526907649e-02
4.152831279215929428e-02
4.149384946468515772e-02
4.145944329032019010e-02
4.142509412701028682e-02
4.139080183317170314e-02
4.135656626768913213e-02
4.132238728991379645e-02
4.128826475966144993e-02
4.125419853721049024e-02
4.122018848330009227e-02
4.118623445912828612e-02
4.115233632635005578e-02
4.111849394707543098e-02
4.108470718386768999e-02
4.105097589974149308e-02
4.101729995816091878e-02
4.098367922303778471e-02
4.095011355872966996e-02
4.091660283003821508e-02
4.088314690220717917e-02
4.084974564092075378e-02
4.081639891230171707e-02
4.078310658290960899e-02
4.074986851973896179e-02
4.071668459021764164e-02
4.068355466220489880e-02
4.065047860398975088e-02
4.061745628428918564e-02
4.058448757224646097e-02
4.055157233742932160e-02
4.051871044982830600e-02
4.048590177985504635e-02
4.045314619834056158e-02
4.042044357653353653e-02
4.038779378609867743e-02
4.035519669911498408e-02
4.032265218807410539e-02
4.029016012587872952e-02
4.025772038584076590e-02
4.022533284167994355e-02
4.019299736752193070e-02
4.016071383789685673e-02
4.012848212773764689e-02
4.009630211237839859e-02
4.006417366755275766e-02
4.003209666939233635e-02
4.000007099442522140e-02
3.996809651957415610e-02
3.993617312215518023e-02
3.990430067987596474e-02
3.987247907083429216e-02
3.984070817351642591e-02
3.980898786679566703e-02
3.977731802993074439e-02
3.974569854256428114e-02
3.971412928472131676e-02
3.968261013680778049e-02
3.965114097960890926e-02
3.961972169428783219e-02
3.958835216238405785e-02
3.955703226581194776e-02
3.952576188685925224e-02
3.949454090818566021e-02
3.946336921282130039e-02
3.943224668416527023e-02
3.940117320598424816e-02
3.937014866241098088e-02
3.933917293794285397e-02
3.930824591744046942e-02
3.927736748612623702e-02
3.924653752958291025e-02
3.921575593375224017e-02
3.918502258493348350e-02
3.915433736978205653e-02
3.912370017530814731e-02
3.909311088887529317e-02
3.906256939819904850e-02
3.903207559134554833e-02
3.900162935673019693e-02
3.897123058311628696e-02
3.894087915961362556e-02
3.891057497567722290e-02
3.888031792110591828e-02
3.885010788604106174e-02
3.881994476096517488e-02
3.878982843670063241e-02
3.875975880440835075e-02
3.872973575558646270e-02
3.869975918206902676e-02
3.866982897602471575e-02
3.863994502995552610e-02
3.861010723669549421e-02
3.858031548940944050e-02
3.855056968159164404e-02
3.852086970706458668e-02
3.849121545997775951e-02
3.846160683480626813e-02
3.843204372634972249e-02
3.840252602973089069e-02
3.837305364039453326e-02
3.834362645410609172e-02
3.831424436695054364e-02
3.828490727533109123e-02
3.825561507596800248e-02
3.822636766589741775e-02
3.819716494247008681e-02
3.816800680335020318e-02
3.813889314651414120e-02
3.810982387024941520e-02
3.808079887315331952e-02
3.805181805413190149e-02
3.802288131239866392e-02
3.799398854747348953e-02
3.796513965918141970e-02
3.793633454765152346e-02
3.790757311331571094e-02
3.787885525690766475e-02
3.785018087946161180e-02
3.782154988231124781e-02
3.779296216708852990e-02
3.776441763572266352e-02
3.773591619043886042e-02
3.770745773375731857e-02
3.767904216849205651e-02
3.765066939774981691e-02
3.762233932492897726e-02
3.759405185371843955e-02
3.756580688809655483e-02
3.753760433233001292e-02
3.750944409097278776e-02
3.748132606886505486e-02
3.745325017113208116e-02
3.742521630318323272e-02
3.739722437071084371e-02
3.736927427968917553e-02
3.734136593637339685e-02
3.731349924729850803e-02
3.728567411927827258e-02
3.725789045940426647e-02
3.723014817504471247e-02
3.720244717384355720e-02
3.717478736371943038e-02
3.714716865286457614e-02
3.711959094974389556e-02
3.709205416309387104e-02
3.706455820192162964e-02
3.703710297550390218e-02
3.700968839338600325e-02
3.698231436538089445e-02
3.695498080156814358e-02
3.692768761229297397e-02
3.690043470816530002e-02
3.687322200005865858e-02
3.684604939910934851e-02
3.681891681671542460e-02
3.679182416453570525e-02
3.676477135448881495e-02
3.673775829875230992e-02
3.671078490976162345e-02
3.668385110020917772e-02
3.665695678304344007e-02
3.663010187146792385e-02
3.660328627894039039e-02
3.657650991917175964e-02
3.654977270612530527e-02
3.652307455401564151e-02
3.649641537730788365e-02
3.646979509071669040e-02
3.644321360920540348e-02
3.641667084798502763e-02
3.639016672251346729e-02
3.636370114849454133e-02
3.633727404187713644e-02
3.631088531885425658e-02
3.628453489586224573e-02
3.625822268957976796e-02
3.623194861692702329e-02
3.620571259506486644e-02
3.617951454139387707e-02
3.615335437355357562e-02
3.612723200942150048e-02
3.610114736711238226e-02
3.607510036497723477e-02
3.604909092160257789e-02
3.602311895580953549e-02
3.599718438665301667e-02
3.597128713342085532e-02
3.594542711563300519e-02
3.591960425304065868e-02
3.589381846562544193e-02
3.586806967359863069e-02
3.584235779740022054e-02
3.581668275769822607e-02
3.579104447538779266e-02
3.576544287159039159e-02
3.573987786765304986e-02
3.571434938514748969e-02
3.568885734586936531e-02
3.566340167183747190e-02
3.563798228529287127e-02
3.561259910869824657e-02
3.558725206473696556e-02
3.556194107631237972e-02
3.553666606654701937e-02
3.551142695878180267e-02
3.548622367657529308e-02
3.546105614370290149e-02
3.543592428415612283e-02
3.541082802214178676e-02
3.538576728208125965e-02
3.536074198860974377e-02
3.533575206657546541e-02
3.531079744103891166e-02
3.528587803727216421e-02
3.526099378075809448e-02
3.523614459718960729e-02
3.521133041246893997e-02
3.518655115270689915e-02
3.516180674422214603e-02
3.513709711354044696e-02
3.511242218739397958e-02
3.508778189272055564e-02
3.506317615666294796e-02
3.503860490656815485e-02
3.501406806998666466e-02
3.498956557467178263e-02
3.496509734857890933e-02
3.494066331986479812e-02
3.491626341688692375e-02
3.489189756820271215e-02
3.486756570256886040e-02
3.484326774894067058e-02
3.481900363647132818e-02
3.479477329451128448e-02
3.477057665260742392e-02
3.474641364050250897e-02
3.472228418813447931e-02
3.469818822563574406e-02
3.467412568333248790e-02
3.465009649174410206e-02
3.462610058158236553e-02
3.460213788375091082e-02
3.457820832934448835e-02
3.455431184964832814e-02
3.453044837613749446e-02
3.450661784047619196e-02
3.448282017451714809e-02
3.445905531030096780e-02
3.443532318005546738e-02
3.441162371619499449e-02
3.438795685131987995e-02
3.436432251821571610e-02
3.434072064985278783e-02
3.431715117938534398e-02
3.429361404015105613e-02
3.427010916567035242e-02
3.424663648964580004e-02
3.422319594596148068e-02
3.419978746868237302e-02
3.417641099205370042e-02
3.415306645050038281e-02
3.412975377862632886e-02
3.410647291121397806e-02
3.408322378322347496e-02
3.406000632979229448e-02
3.403682048623443701e-02
3.401366618803999126e-02
3.399054337087442645e-02
3.396745197057803728e-02
3.394439192316534015e-02
3.392136316482452507e-02
3.389836563191678254e-02
3.387539926097579007e-02
3.385246398870712936e-02
3.382955975198762011e-02
3.380668648786484820e-02
3.378384413355653426e-02
3.376103262644995079e-02
3.373825190410138092e-02
3.371550190423551474e-02
3.369278256474492195e-02
3.367009382368944120e-02
3.364743561929567361e-02
3.362480788995634434e-02
3.360221057422983076e-02
3.357964361083955185e-02
3.355710693867342692e-02
3.353460049678332056e-02
3.351212422438448746e-02
3.348967806085504512e-02
3.346726194573544644e-02
3.344487581872784832e-02
3.342251961969568835e-02
3.340019328866306730e-02
3.337789676581423559e-02
3.335562999149303820e-02
3.333339290620245671e-02
3.331118545060397090e-02
3.328900756551710777e-02
3.326685919191890023e-02
3.324474027094334594e-02
3.322265074388090766e-02
3.320059055217797206e-02
3.317855963743635006e-02
3.315655794141274260e-02
3.313458540601827568e-02
3.311264197331791059e-02
3.309072758552999288e-02
3.306884218502574579e-02
3.304698571432871518e-02
3.302515811611433233e-02
3.300335933320936582e-02
3.298158930859144272e-02
3.295984798538854205e-02
3.293813530687849517e-02
3.291645121648850703e-02
3.289479565779467041e-02
3.287316857452144553e-02
3.285156991054120901e-02
3.282999960987372651e-02
3.280845761668572946e-02
3.278694387529035303e-02
3.276545833014674058e-02
3.274400092585950939e-02
3.272257160717827185e-02
3.270117031899722609e-02
3.267979700635459395e-02
3.265845161443221151e-02
3.263713408855505038e-02
3.261584437419071114e-02
3.259458241694904168e-02
3.257334816258158905e-02
3.255214155698117617e-02
3.253096254618145777e-02
3.250981107635640688e-02
3.248868709381991932e-02
3.246759054502534880e-02
3.244652137656500734e-02
3.242547953516979053e-02
3.240446496770862245e-02
3.238347762118814338e-02
3.236251744275214087e-02
3.234158437968119582e-02
3.232067837939216898e-02
3.229979938943783324e-02
3.227894735750635319e-02
3.225812223142092428e-02
