1.000000000000000000e+00
9.803928164837272252e-01
9.615398265529940813e-01
9.433983433058750201e-01
9.259288418670722498e-01
9.090946719329998649e-01
8.928618011153943712e-01
8.771985853011947665e-01
8.620755627681456756e-01
8.474652692376498653e-01
8.333420714222178338e-01
8.196820169451936033e-01
8.064626987842855588e-01
7.936631326251570862e-01
7.812636457130464063e-01
7.692457759641775361e-01
7.575921802488024825e-01
7.462865508876582732e-01
7.353135395163387100e-01
7.246586875701173103e-01
7.143083627271822333e-01
7.042497007228349926e-01
6.944705520124795362e-01
6.849594328184495096e-01
6.757054801459948523e-01
6.666984103979658460e-01
6.579284812567455232e-01
6.493864565364042551e-01
6.410635737385198540e-01
6.329515140721041488e-01
6.250423747220194004e-01
6.173286431715787614e-01
6.098031734039708329e-01
6.024591638240558433e-01
5.952901367571672431e-01
5.882899193950513750e-01
5.814526260711531114e-01
5.747726417582906810e-01
5.682446066914836891e-01
5.618634020274391183e-01
5.556241364600675858e-01
5.495221337184896804e-01
5.435529208803855372e-01
5.377122174393187404e-01
5.319959250698875763e-01
5.264001180392842150e-01
5.209210342181306297e-01
5.155550666473411869e-01
5.102987556212981168e-01
5.051487812508329567e-01
5.001019564724265010e-01
4.951552204727023843e-01
4.903056324997140392e-01
4.855503660347362249e-01
4.808867033002995894e-01
4.763120300820496977e-01
4.718238308437068262e-01
4.674196841159530269e-01
4.630972581414900535e-01
4.588543067598185310e-01
4.546886655164829039e-01
4.505982479826250997e-01
4.465810422717065298e-01
4.426351077411798673e-01
4.387585718677573521e-01
4.349496272857081847e-01
4.312065289783455491e-01
4.275275916135403698e-01
4.239111870147168615e-01
4.203557417593586365e-01
4.168597348975916494e-01
4.134216957838923179e-01
4.100402020154335636e-01
4.067138774709990190e-01
4.034413904447869403e-01
4.002214518697924661e-01
3.970528136257893692e-01
3.939342669272490882e-01
3.908646407868262562e-01
3.878428005503093967e-01
3.848676464991890867e-01
3.819381125172296443e-01
3.790531648176511670e-01
3.762118007277320264e-01
3.734130475278306660e-01
3.706559613420074561e-01
3.679396260775884553e-01
3.652631524111714101e-01
3.626256768187187118e-01
3.600263606475151423e-01
3.574643892279003032e-01
3.549389710227984218e-01
3.524493368131831339e-01
3.499947389177181511e-01
3.475744504449134187e-01
3.451877645762259639e-01
3.428339938786207353e-01
3.405124696451919397e-01
3.382225412625146088e-01
3.359635756034711762e-01
3.337349564443658489e-01
3.315360839051992303e-01
3.293663739120364364e-01
3.272252576804596802e-01
3.251121812191450910e-01
3.230266048526555522e-01
3.209680027625879117e-01
3.189358625462556107e-01
3.169296847921290738e-01
3.149489826712982832e-01
3.129932815442542648e-01
3.110621185823248536e-01
3.091550424031304645e-01
3.072716127194600744e-01
3.054114000009900964e-01
3.035739851483071905e-01
3.017589591787109837e-01
2.999659229233059277e-01
2.981944867349107797e-01
2.964442702063383450e-01
2.947149018986172653e-01
2.930060190787496799e-01
2.913172674666180684e-01
2.896483009906674622e-01
2.879987815520133609e-01
2.863683787966372907e-01
2.847567698953473725e-01
2.831636393311980915e-01
2.815886786940754449e-01
2.800315864821671386e-01
2.784920679100493235e-01
2.769698347231371871e-01
2.754646050182488204e-01
2.739761030700557098e-01
2.725040591631888720e-01
2.710482094297923528e-01
2.696082956923147589e-01
2.681840653113465311e-01
2.667752710383114456e-01
2.653816708728355955e-01
2.640030279246192157e-01
2.626391102796481469e-01
2.612896908705854560e-01
2.599545473511919447e-01
2.586334619746311625e-01
2.573262214755170918e-01
2.560326169555734999e-01
2.547524437727752278e-01
2.534855014338482371e-01
2.522315934900111190e-01
2.509905274358431027e-01
2.497621146111717594e-01
2.485461701058738759e-01
2.473425126674901331e-01
2.461509646115567218e-01
2.449713517345605829e-01
2.438035032294306181e-01
2.426472516034771099e-01
2.415024325986986908e-01
2.403688851143763183e-01
2.392464511318792009e-01
2.381349756416078212e-01
2.370343065720048881e-01
2.359442947205657726e-01
2.348647936867823416e-01
2.337956598069581560e-01
2.327367520908342202e-01
2.316879321599663866e-01
2.306490641877986802e-01
2.296200148413781728e-01
2.286006532246587508e-01
2.275908508233444594e-01
2.265904814512226251e-01
2.255994211979410746e-01
2.246175483781835402e-01
2.236447434822005642e-01
2.226808891276524371e-01
2.217258700127260895e-01
2.207795728704840810e-01
2.198418864244100768e-01
2.189127013451138415e-01
2.179919102081596116e-01
2.170794074529859008e-01
2.161750893428819598e-01
2.152788539259904710e-01
2.143906009973056415e-01
2.135102320616371618e-01
2.126376502975110827e-01
2.117727605219808795e-01
2.109154691563214223e-01
2.100656841925801210e-01
2.092233151609604602e-01
2.083882730980145259e-01
2.075604705156194052e-01
2.067398213707172527e-01
2.059262410357953210e-01
2.051196462700859424e-01
2.043199551914657575e-01
2.035270872490347049e-01
2.027409631963545955e-01
2.019615050653306987e-01
2.011886361407164980e-01
2.004222809352255164e-01
1.996623651652328357e-01
1.989088157270507140e-01
1.981615606737611168e-01
1.974205291925920647e-01
1.966856515828208640e-01
1.959568592341913995e-01
1.952340846058306656e-01
1.945172612056520756e-01
1.938063235702312814e-01
1.931012072451425421e-01
1.924018487657441212e-01
1.917081856383988925e-01
1.910201563221206045e-01
1.903377002106334537e-01
1.896607576148346408e-01
1.889892697456486415e-01
1.883231786972645594e-01
1.876624274307445994e-01
1.870069597579956944e-01
1.863567203260941829e-01
1.857116546019543513e-01
1.850717088573331226e-01
1.844368301541606248e-01
1.838069663301896417e-01
1.831820659849560107e-01
1.825620784660409446e-01
1.819469538556285348e-01
1.813366429573516625e-01
1.807310972834176299e-01
1.801302690420072405e-01
1.795341111249416366e-01
1.789425770956082629e-01
1.783556211771413214e-01
1.777731982408494171e-01
1.771952637948850384e-01
1.766217739731497094e-01
1.760526855244285982e-01
1.754879558017505836e-01
1.749275427519660364e-01
1.743714049055397619e-01
1.738195013665511379e-01
1.732717918028991999e-01
1.727282364367059564e-01
1.721887960349138269e-01
1.716534319000728170e-01
1.711221058613128232e-01
1.705947802654966261e-01
1.700714179685495209e-01
1.695519823269613091e-01
1.690364371894567674e-01
1.685247468888307343e-01
1.680168762339439847e-01
1.675127905018761465e-01
1.670124554302318542e-01
1.665158372095975059e-01
1.660229024761435968e-01
1.655336183043716880e-01
1.650479521999999588e-01
1.645658720929866758e-01
1.640873463306866120e-01
1.636123436711391377e-01
1.631408332764834879e-01
1.626727847064993460e-01
1.622081679122697184e-01
1.617469532299633528e-01
1.612891113747337846e-01
1.608346134347332923e-01
1.603834308652383744e-01
1.599355354828846387e-01
1.594908994600086338e-01
1.590494953190949023e-01
1.586112959273248135e-01
1.581762744912261209e-01
1.577444045514205806e-01
1.573156599774669373e-01
1.568900149627989460e-01
1.564674440197543481e-01
1.560479219746944146e-01
1.556314239632112795e-01
1.552179254254216767e-01
1.548074021013449431e-01
1.543998300263638157e-01
1.539951855267659986e-01
1.535934452153651375e-01
1.531945859871991222e-01
1.527985850153046332e-01
1.524054197465659066e-01
1.520150678976364689e-01
1.516275074509321474e-01
1.512427166506942755e-01
1.508606739991206203e-01
1.504813582525648119e-01
1.501047484177996660e-01
1.497308237483466753e-01
1.493595637408673404e-01
1.489909481316170348e-01
1.486249568929590703e-01
1.482615702299381610e-01
1.479007685769125058e-01
1.475425325942424926e-01
1.471868431650351361e-01
1.468336813919439710e-01
1.464830285940220966e-01
1.461348663036278472e-01
1.457891762633827248e-01
1.454459404231791542e-01
1.451051409372383638e-01
1.447667601612167565e-01
1.444307806493600743e-01
1.440971851517042213e-01
1.437659566113221044e-01
1.434370781616156054e-01
1.431105331236511569e-01
1.427863050035395320e-01
1.424643774898571580e-01
1.421447344511095612e-01
1.418273599332358637e-01
1.415122381571529420e-01
1.411993535163394153e-01
1.408886905744574924e-01
1.405802340630138425e-01
1.402739688790562989e-01
1.399698800829083101e-01
1.396679528959382244e-01
1.393681726983640179e-01
1.390705250270930782e-01
1.387749955735945728e-01
1.384815701818066513e-01
1.381902348460744556e-01
1.379009757091219091e-01
1.376137790600536204e-01
1.373286313323883456e-01
1.370455191021224539e-01
1.367644290858232303e-01
1.364853481387515999e-01
1.362082632530127457e-01
1.359331615557362039e-01
1.356600303072823255e-01
1.353888568994766894e-01
1.351196288538709656e-01
1.348523338200298405e-01
1.345869595738440339e-01
1.343234940158682666e-01
1.340619251696842651e-01
1.338022411802880229e-01
1.335444303125012389e-01
1.332884809494060407e-01
1.330343815908030525e-01
1.327821208516922202e-01
1.325316874607758710e-01
1.322830702589835039e-01
1.320362581980189243e-01
1.317912403389276399e-01
1.315480058506856564e-01
1.313065440088087565e-01
1.310668441939815132e-01
1.308288958907066479e-01
1.305926886859734015e-01
1.303582122679449729e-01
1.301254564246655532e-01
1.298944110427844301e-01
1.296650661062998255e-01
1.294374116953193043e-01
1.292114379848384731e-01
1.289871352435368324e-01
1.287644938325904764e-01
1.285435042045014187e-01
1.283241569019436534e-01
1.281064425566249554e-01
1.278903518881651658e-01
1.276758757029891611e-01
1.274630048932362814e-01
1.272517304356839407e-01
1.270420433906868651e-01
1.268339349011301520e-01
1.266273961913975121e-01
1.264224185663531119e-01
1.262189934103375433e-01
1.260171121861775323e-01
1.258167664342090541e-01
1.256179477713136317e-01
1.254206478899680122e-01
1.252248585573061956e-01
1.250305716141943968e-01
1.248377789743185251e-01
1.246464726232837938e-01
1.244566446177261532e-01
1.242682870844359633e-01
1.240813922194932140e-01
1.238959522874138741e-01
1.237119596203083288e-01
1.235294066170499194e-01
1.233482857424554741e-01
1.231685895264758857e-01
1.229903105633975702e-01
1.228134415110545552e-01
1.226379750900505328e-01
1.224639040829911679e-01
1.222912213337265797e-01
1.221199197466033975e-01
1.219499922857266716e-01
1.217814319742311080e-01
1.216142318935620331e-01
1.214483851827652394e-01
1.212838850377860322e-01
1.211207247107776441e-01
1.209588975094178509e-01
1.207983967962346639e-01
1.206392159879405429e-01
1.204813485547751029e-01
1.203247880198559799e-01
1.201695279585381360e-01
1.200155619977809063e-01
1.198628838155234161e-01
1.197114871400673658e-01
1.195613657494681292e-01
1.194125134709328878e-01
1.192649241802265503e-01
1.191185918010851386e-01
1.189735103046362374e-01
1.188296737088269384e-01
1.186870760778583889e-01
1.185457115216279056e-01
1.184055741951774432e-01
1.182666582981491271e-01
1.181289580742474477e-01
1.179924678107080738e-01
1.178571818377728425e-01
1.177230945281716873e-01
1.175902002966103949e-01
1.174584935992647738e-01
1.173279689332813042e-01
1.171986208362830462e-01
1.170704438858822111e-01
1.169434326991985185e-01
1.168175819323829523e-01
1.166928862801477063e-01
1.165693404753015694e-01
1.164469392882908627e-01
1.163256775267458160e-01
1.162055500350326620e-01
1.160865516938107689e-01
1.159686774195950038e-01
1.158519221643236480e-01
1.157362809149311000e-01
1.156217486929258936e-01
1.155083205539733648e-01
1.153959915874837733e-01
1.152847569162047392e-01
1.151746116958187877e-01
1.150655511145457222e-01
1.149575703927492865e-01
1.148506647825488225e-01
1.147448295674351887e-01
1.146400600618915078e-01
1.145363516110180363e-01
1.144336995901613224e-01
1.143320994045484013e-01
1.142315464889240573e-01
1.141320363071936517e-01
1.140335643520688780e-01
1.139361261447185691e-01
1.138397172344229880e-01
1.137443331982321559e-01
1.136499696406285814e-01
1.135566221931933878e-01
1.134642865142764384e-01
1.133729582886703752e-01
1.132826332272883901e-01
1.131933070668455499e-01
1.131049755695439502e-01
1.130176345227614648e-01
1.129312797387439782e-01
1.128459070543012255e-01
1.127615123305061168e-01
1.126780914523975025e-01
1.125956403286862417e-01
1.125141548914648099e-01
1.124336310959201529e-01
1.123540649200498176e-01
1.122754523643812175e-01
1.121977894516943686e-01
1.121210722267473453e-01
1.120452967560056357e-01
1.119704591273735922e-01
1.118965554499298520e-01
1.118235818536650189e-01
1.117515344892231755e-01
1.116804095276453385e-01
1.116102031601166611e-01
1.115409115977162857e-01
1.114725310711697226e-01
1.114050578306044897e-01
1.113384881453083758e-01
1.112728183034902424e-01
1.112080446120440741e-01
1.111441633963150127e-01
1.110811709998687502e-01
1.110190637842631417e-01
1.109578381288224419e-01
1.108974904304143028e-01
1.108380171032292416e-01
1.107794145785625795e-01
1.107216793045988218e-01
1.106648077461987179e-01
1.106087963846884570e-01
1.105536417176516545e-01
1.104993402587234747e-01
1.104458885373868354e-01
1.103932830987718883e-01
1.103415205034565388e-01
1.102905973272704371e-01
1.102405101611003135e-01
1.101912556106982438e-01
1.101428302964915784e-01
1.100952308533955093e-01
1.100484539306274961e-01
1.100024961915240657e-01
1.099573543133595122e-01
1.099130249871669157e-01
1.098695049175610616e-01
1.098267908225636497e-01
1.097848794334302797e-01
1.097437674944796021e-01
1.097034517629243977e-01
1.096639290087048635e-01
1.096251960143235227e-01
1.095872495746823549e-01
1.095500864969216059e-01
1.095137036002606645e-01
1.094780977158408830e-01
1.094432656865701042e-01
1.094092043669689929e-01
1.093759106230194900e-01
1.093433813320148218e-01
1.093116133824112990e-01
1.092806036736821279e-01
1.092503491161726237e-01
1.092208466309576853e-01
1.091920931497003533e-01
1.091640856145125182e-01
1.091368209778174336e-01
1.091102962022134082e-01
1.090845082603396354e-01
1.090594541347433832e-01
1.090351308177490292e-01
1.090115353113285529e-01
1.089886646269736387e-01
1.089665157855695399e-01
1.089450858172703041e-01
1.089243717613758433e-01
1.089043706662100458e-01
1.088850795890009965e-01
1.088664955957623914e-01
1.088486157611765481e-01
1.088314371684788034e-01
1.088149569093437158e-01
1.087991720837721832e-01
1.087840797999805043e-01
1.087696771742908547e-01
1.087559613310226103e-01
1.087429294023861126e-01
1.087305785283766979e-01
1.087189058566710720e-01
1.087079085425244201e-01
1.086975837486692104e-01
1.086879286452154397e-01
1.086789404095516443e-01
1.086706162262482261e-01
1.086629532869609199e-01
1.086559487903368260e-01
1.086495999419205272e-01
1.086439039540624818e-01
1.086388580458281239e-01
1.086344594429083515e-01
1.086307053775314446e-01
1.086275930883760510e-01
1.086251198204854218e-01
1.086232828251830485e-01
1.086220793599891876e-01
1.086215066885389546e-01
1.086215620805014437e-01
1.086222428114999028e-01
1.086235461630334076e-01
1.086254694223993400e-01
1.086280098826174073e-01
1.086311648423544940e-01
1.086349316058506931e-01
1.086393074828467809e-01
1.086442897885123854e-01
1.086498758433754874e-01
1.086560629732531424e-01
1.086628485091829521e-01
1.086702297873559653e-01
1.086782041490504669e-01
1.086867689405670578e-01
1.086959215131642204e-01
1.087056592229957985e-01
1.087159794310488675e-01
1.087268795030826435e-01
1.087383568095690589e-01
1.087504087256335461e-01
1.087630326309972639e-01
1.087762259099204765e-01
1.087899859511464590e-01
1.088043101478467778e-01
1.088191958975674722e-01
1.088346406021758611e-01
1.088506416678091671e-01
1.088671965048229051e-01
1.088843025277413806e-01
1.089019571552081733e-01
1.089201578099384116e-01
1.089389019186711993e-01
1.089581869121234725e-01
1.089780102249447019e-01
1.089983692956721373e-01
1.090192615666874948e-01
1.090406844841740053e-01
1.090626354980750029e-01
1.090851120620524861e-01
1.091081116334474549e-01
1.091316316732405256e-01
1.091556696460136006e-01
1.091802230199123980e-01
1.092052892666097730e-01
1.092308658612700378e-01
1.092569502825137401e-01
1.092835400123837175e-01
1.093106325363116110e-01
1.093382253430853768e-01
1.093663159248175476e-01
1.093949017769143134e-01
1.094239803980453229e-01
1.094535492901143880e-01
1.094836059582308119e-01
1.095141479106816473e-01
1.095451726589045244e-01
1.095766777174616430e-01
1.096086606040138078e-01
1.096411188392959341e-01
1.096740499470929137e-01
1.097074514542163287e-01
1.097413208904817056e-01
1.097756557886867962e-01
1.098104536845903173e-01
1.098457121168916056e-01
1.098814286272106755e-01
1.099176007600694421e-01
1.099542260628730561e-01
1.099913020858924728e-01
1.100288263822472301e-01
1.100667965078893640e-01
1.101052100215875879e-01
1.101440644849123046e-01
1.101833574622213263e-01
1.102230865206460519e-01
1.102632492300786027e-01
1.103038431631593042e-01
1.103448658952648903e-01
1.103863150044973734e-01
1.104281880716734970e-01
1.104704826803149104e-01
1.105131964166387037e-01
1.105563268695488599e-01
1.105998716306279689e-01
1.106438282941299422e-01
1.106881944569729215e-01
1.107329677187328804e-01
1.107781456816380461e-01
1.108237259505635841e-01
1.108697061330269906e-01
1.109160838391839432e-01
1.109628566818249562e-01
1.110100222763721750e-01
1.110575782408770584e-01
1.111055221960186024e-01
1.111538517651017438e-01
1.112025645740566809e-01
1.112516582514385122e-01
1.113011304284274722e-01
1.113509787388295563e-01
1.114012008190777975e-01
1.114517943082340007e-01
1.115027568479908943e-01
1.115540860826748359e-01
1.116057796592490881e-01
1.116578352273173286e-01
1.117102504391278284e-01
1.117630229495781141e-01
1.118161504162199782e-01
1.118696304992649881e-01
1.119234608615904680e-01
1.119776391687459516e-01
1.120321630889599407e-01
1.120870302931472606e-01
1.121422384549168594e-01
1.121977852505797735e-01
1.122536683591578432e-01
1.123098854623927056e-01
1.123664342447550230e-01
1.124233123934545026e-01
1.124805175984498751e-01
1.125380475524597190e-01
1.125958999509732855e-01
1.126540724922618225e-01
1.127125628773904820e-01
1.127713688102303935e-01
1.128304879974710295e-01
1.128899181486331948e-01
1.129496569760822106e-01
1.130097021950414449e-01
1.130700515236063158e-01
1.131307026827583911e-01
1.131916533963800986e-01
1.132529013912697280e-01
1.133144443971565302e-01
1.133762801467164127e-01
1.134384063755878025e-01
1.135008208223879100e-01
1.135635212287291612e-01
1.136265053392361418e-01
1.136897709015627089e-01
1.137533156664093659e-01
1.138171373875409564e-01
1.138812338218047893e-01
1.139456027291487206e-01
1.140102418726400418e-01
1.140751490184838540e-01
1.141403219360426075e-01
1.142057583978551283e-01
1.142714561796563666e-01
1.143374130603972555e-01
1.144036268222647645e-01
1.144700952507022584e-01
1.145368161344301333e-01
1.146037872654665501e-01
1.146710064391486261e-01
1.147384714541534456e-01
1.148061801125197512e-01
1.148741302196695513e-01
1.149423195844301165e-01
1.150107460190558789e-01
1.150794073392509831e-01
1.151483013641916298e-01
1.152174259165488351e-01
1.152867788225112600e-01
1.153563579118082882e-01
1.154261610177332031e-01
1.154961859771668486e-01
1.155664306306006528e-01
1.156368928221610248e-01
1.157075703996327393e-01
1.157784612144832220e-01
1.158495631218866284e-01
1.159208739807483790e-01
1.159923916537292377e-01
1.160641140072704719e-01
1.161360389116180558e-01
1.162081642408479415e-01
1.162804878728908725e-01
1.163530076895574472e-01
1.164257215765634873e-01
1.164986274235553232e-01
1.165717231241350516e-01
1.166450065758863897e-01
1.167184756804002382e-01
1.167921283433000224e-01
1.168659624742681424e-01
1.169399759870713706e-01
1.170141667995869689e-01
1.170885328338288761e-01
1.171630720159737293e-01
1.172377822763870647e-01
1.173126615496495051e-01
1.173877077745831971e-01
1.174629188942781788e-01
1.175382928561186646e-01
1.176138276118096349e-01
1.176895211174034117e-01
1.177653713333258467e-01
1.178413762244034241e-01
1.179175337598895590e-01
1.179938419134912292e-01
1.180702986633956897e-01
1.181469019922972152e-01
1.182236498874238290e-01
1.183005403405637812e-01
1.183775713480925418e-01
1.184547409109993621e-01
1.185320470349140315e-01
1.186094877301335920e-01
1.186870610116489838e-01
1.187647648991719540e-01
1.188425974171614802e-01
1.189205565948506099e-01
1.189986404662730229e-01
1.190768470702896070e-01
1.191551744506151866e-01
1.192336206558449740e-01
1.193121837394810758e-01
1.193908617599589578e-01
1.194696527806739517e-01
1.195485548700076783e-01
1.196275661013541797e-01
1.197066845531463697e-01
1.197859083088822635e-01
1.198652354571510675e-01
1.199446640916592699e-01
1.200241923112567999e-01
1.201038182199626880e-01
1.201835399269914617e-01
1.202633555467783194e-01
1.203432631990054985e-01
1.204232610086274496e-01
1.205033471058965522e-01
1.205835196263886633e-01
1.206637767110284309e-01
1.207441165061144961e-01
1.208245371633448056e-01
1.209050368398417313e-01
1.209856136981767444e-01
1.210662659063955759e-01
1.211469916380430584e-01
1.212277890721873141e-01
1.213086563934447221e-01
1.213895917920042311e-01
1.214705934636513968e-01
1.215516596097928614e-01
1.216327884374802937e-01
1.217139781594340220e-01
1.217952269940673349e-01
1.218765331655095457e-01
1.219578949036299043e-01
1.220393104440607585e-01
1.221207780282207445e-01
1.222022959033379902e-01
1.222838623224728888e-01
1.223654755445408998e-01
1.224471338343352811e-01
1.225288354625493070e-01
1.226105787057987923e-01
1.226923618466441018e-01
1.227741831736120920e-01
1.228560409812180371e-01
1.229379335699872511e-01
1.230198592464764179e-01
1.231018163232949492e-01
1.231838031191263005e-01
1.232658179587486080e-01
1.233478591730555740e-01
1.234299250990771729e-01
1.235120140799999822e-01
1.235941244651872217e-01
1.236762546101990851e-01
1.237584028768123900e-01
1.238405676330402300e-01
1.239227472531515828e-01
1.240049401176903099e-01
1.240871446134945710e-01
1.241693591337153790e-01
1.242515820778354318e-01
1.243338118516875701e-01
1.244160468674730124e-01
1.244982855437793967e-01
1.245805263055987377e-01
1.246627675843448718e-01
1.247450078178711785e-01
1.248272454504874285e-01
1.249094789329772692e-01
1.249917067226145040e-01
1.250739272831801197e-01
1.251561390849783018e-01
1.252383406048528935e-01
1.253205303262029946e-01
1.254027067389989203e-01
1.254848683397975784e-01
1.255670136317577346e-01
1.256491411246550005e-01
1.257312493348967664e-01
1.258133367855365503e-01
1.258954020062885981e-01
1.259774435335417886e-01
1.260594599103737612e-01
1.261414496865642387e-01
1.262234114186086831e-01
1.263053436697315068e-01
1.263872450098988687e-01
1.264691140158314131e-01
1.265509492710169270e-01
1.266327493657222747e-01
1.267145128970057211e-01
1.267962384687284227e-01
1.268779246915661130e-01
1.269595701830202872e-01
1.270411735674293607e-01
1.271227334759792438e-01
1.272042485467141382e-01
1.272857174245468070e-01
1.273671387612682893e-01
1.274485112155582800e-01
1.275298334529941791e-01
1.276111041460608608e-01
1.276923219741593341e-01
1.277734856236158456e-01
1.278545937876904570e-01
1.279356451665851768e-01
1.280166384674522595e-01
1.280975724044020603e-01
1.281784456985103071e-01
1.282592570778257612e-01
1.283400052773772393e-01
1.284206890391803579e-01
1.285013071122441397e-01
1.285818582525774523e-01
1.286623412231949759e-01
1.287427547941231432e-01
1.288230977424055790e-01
1.289033688521085963e-01
1.289835669143261088e-01
1.290636907271846823e-01
1.291437390958479481e-01
1.292237108325208772e-01
1.293036047564541102e-01
1.293834196939474823e-01
1.294631544783538257e-01
1.295428079500822449e-01
1.296223789566010309e-01
1.297018663524407700e-01
1.297812689991966473e-01
1.298605857655308893e-01
1.299398155271749844e-01
1.300189571669311261e-01
1.300980095746741561e-01
1.301769716473528127e-01
1.302558422889905365e-01
1.303346204106867745e-01
1.304133049306170911e-01
1.304918947740337787e-01
1.305703888732659412e-01
1.306487861677191886e-01
1.307270856038752760e-01
1.308052861352916874e-01
1.308833867226003311e-01
1.309613863335067074e-01
1.310392839427883815e-01
1.311170785322934851e-01
1.311947690909386344e-01
1.312723546147070985e-01
1.313498341066461073e-01
1.314272065768646858e-01
1.315044710425303798e-01
1.315816265278664798e-01
1.316586720641484132e-01
1.317356066897006905e-01
1.318124294498925764e-01
1.318891393971344805e-01
1.319657355908733232e-01
1.320422170975883991e-01
1.321185829907863818e-01
1.321948323509965495e-01
1.322709642657654838e-01
1.323469778296516297e-01
1.324228721442197443e-01
1.324986463180349017e-01
1.325742994666564145e-01
1.326498307126316167e-01
1.327252391854890357e-01
1.328005240217318972e-01
1.328756843648308261e-01
1.329507193652169073e-01
1.330256281802738583e-01
1.331004099743308133e-01
1.331750639186538576e-01
1.332495891914385056e-01
1.333239849778008190e-01
1.333982504697691363e-01
1.334723848662754120e-01
1.335463873731458362e-01
1.336202572030920910e-01
1.336939935757015252e-01
1.337675957174278563e-01
1.338410628615810949e-01
1.339143942483176919e-01
1.339875891246301576e-01
1.340606467443366534e-01
1.341335663680703338e-01
1.342063472632684662e-01
1.342789887041614949e-01
1.343514899717614397e-01
1.344238503538508489e-01
1.344960691449707535e-01
1.345681456464091763e-01
1.346400791661886975e-01
1.347118690190546031e-01
1.347835145264619505e-01
1.348550150165634398e-01
1.349263698241962850e-01
1.349975782908691135e-01
1.350686397647492265e-01
1.351395536006486375e-01
1.352103191600108612e-01
1.352809358108971183e-01
1.353514029279722641e-01
1.354217198924907439e-01
1.354918860922824098e-01
1.355619009217377546e-01
1.356317637817936461e-01
1.357014740799181995e-01
1.357710312300959010e-01
1.358404346528124251e-01
1.359096837750393694e-01
1.359787780302185445e-01
1.360477168582465701e-01
1.361164997054588044e-01
1.361851260246135786e-01
1.362535952748756829e-01
1.363219069218004620e-01
1.363900604373170511e-01
1.364580552997118057e-01
1.365258909936115095e-01
1.365935670099665267e-01
1.366610828460333993e-01
1.367284380053579163e-01
1.367956319977576274e-01
1.368626643393041631e-01
1.369295345523056373e-01
1.369962421652887452e-01
1.370627867129809996e-01
1.371291677362921346e-01
1.371953847822962591e-01
1.372614374042133711e-01
1.373273251613906509e-01
1.373930476192838923e-01
1.374586043494387122e-01
1.375239949294714825e-01
1.375892189430504287e-01
1.376542759798762561e-01
1.377191656356629157e-01
1.377838875121180917e-01
1.378484412169237172e-01
1.379128263637160456e-01
1.379770425720662219e-01
1.380410894674597710e-01
1.381049666812770582e-01
1.381686738507728052e-01
1.382322106190559396e-01
1.382955766350690563e-01
1.383587715535681273e-01
1.384217950351015192e-01
1.384846467459896480e-01
1.385473263583037462e-01
1.386098335498453793e-01
1.386721680041248794e-01
1.387343294103405011e-01
1.387963174633572438e-01
1.388581318636852302e-01
1.389197723174583898e-01
1.389812385364130320e-01
1.390425302378659744e-01
1.391036471446930600e-01
1.391645889853070361e-01
1.392253554936360438e-01
1.392859464091012744e-01
1.393463614765950431e-01
1.394066004464585284e-01
1.394666630744597902e-01
1.395265491217710374e-01
1.395862583549465630e-01
1.396457905459000115e-01
1.397051454718820918e-01
1.397643229154576505e-01
1.398233226644831351e-01
1.398821445120837781e-01
1.399407882566307826e-01
1.399992537017182292e-01
1.400575406561404279e-01
1.401156489338684641e-01
1.401735783540273839e-01
1.402313287408728515e-01
1.402888999237681400e-01
1.403462917371604279e-01
1.404035040205579010e-01
1.404605366185060211e-01
1.405173893805641006e-01
1.405740621612820429e-01
1.406305548201763900e-01
1.406868672217069516e-01
1.407429992352531578e-01
1.407989507350901337e-01
1.408547216003651348e-01
1.409103117150736217e-01
1.409657209680354739e-01
1.410209492528711195e-01
1.410759964679775269e-01
1.411308625165042518e-01
1.411855473063294564e-01
1.412400507500359004e-01
1.412943727648867942e-01
1.413485132728017624e-01
1.414024722003326129e-01
1.414562494786391067e-01
1.415098450434651156e-01
1.415632588351140031e-01
1.416164907984243659e-01
1.416695408827461644e-01
1.417224090419160198e-01
1.417750952342329562e-01
1.418275994224342529e-01
1.418799215736709640e-01
1.419320616594834106e-01
1.419840196557769219e-01
1.420357955427975771e-01
1.420873893051073644e-01
1.421388009315600887e-01
1.421900304152769190e-01
1.422410777536216031e-01
1.422919429481763753e-01
1.423426260047173098e-01
1.423931269331897287e-01
1.424434457476839722e-01
1.424935824664106954e-01
1.425435371116764438e-01
1.425933097098592284e-01
1.426429002913838784e-01
1.426923088906976722e-01
1.427415355462456903e-01
1.427905803004466123e-01
1.428394431996679315e-01
1.428881242942017238e-01
1.429366236382398347e-01
1.429849412898497873e-01
1.430330773109502185e-01
1.430810317672862597e-01
1.431288047284051679e-01
1.431763962676322333e-01
1.432238064620459383e-01
1.432710353924536995e-01
1.433180831433675806e-01
1.433649498029798963e-01
1.434116354631388424e-01
1.434581402193242372e-01
1.435044641706230695e-01
1.435506074197054061e-01
1.435965700728000227e-01
1.436423522396701735e-01
1.436879540335894989e-01
1.437333755713176009e-01
1.437786169730761177e-01
1.438236783625246040e-01
1.438685598667360510e-01
1.439132616161733769e-01
1.439577837446650022e-01
1.440021263893809245e-01
1.440462896908087376e-01
1.440902737927297061e-01
1.441340788421948405e-01
1.441777049895010543e-01
1.442211523881672952e-01
1.442644211949107858e-01
1.443075115696230426e-01
1.443504236753465064e-01
1.443931576782505333e-01
1.444357137476079134e-01
1.444780920557713066e-01
1.445202927781494284e-01
1.445623160931838735e-01
1.446041621823252465e-01
1.446458312300101801e-01
1.446873234236375483e-01
1.447286389535452356e-01
1.447697780129870715e-01
1.448107407981092942e-01
1.448515275079273190e-01
1.448921383443028676e-01
1.449325735119207648e-01
1.449728332182656509e-01
1.450129176735992786e-01
1.450528270909375861e-01
1.450925616860272993e-01
1.451321216773239220e-01
1.451715072859681988e-01
1.452107187357636886e-01
1.452497562531541442e-01
1.452886200672009465e-01
1.453273104095600676e-01
1.453658275144603662e-01
1.454041716186803834e-01
1.454423429615262775e-01
1.454803417848095637e-01
1.455181683328246878e-01
1.455558228523271269e-01
1.455933055925106301e-01
1.456306168049857908e-01
1.456677567437577592e-01
1.457047256652040101e-01
1.457415238280528880e-01
1.457781514933616240e-01
1.458146089244944932e-01
1.458508963871011643e-01
1.458870141490949957e-01
1.459229624806315795e-01
1.459587416540872595e-01
1.459943519440374815e-01
1.460297936272357544e-01
1.460650669825919457e-01
1.461001722911514644e-01
1.461351098360738066e-01
1.461698799026116546e-01
1.462044827780897005e-01
1.462389187518837175e-01
1.462731881153999103e-01
1.463072911620537098e-01
1.463412281872494558e-01
1.463749994883593586e-01
1.464086053647032371e-01
1.464420461175277577e-01
1.464753220499860620e-01
1.465084334671175048e-01
1.465413806758272264e-01
1.465741639848659461e-01
1.466067837048099509e-01
1.466392401480407781e-01
1.466715336287256477e-01
1.467036644627968123e-01
1.467356329679326277e-01
1.467674394635371249e-01
1.467990842707204147e-01
1.468305677122794528e-01
1.468618901126780563e-01
1.468930517980276684e-01
1.469240530960680691e-01
1.469548943361478344e-01
1.469855758492052689e-01
1.470160979677493374e-01
1.470464610258404026e-01
1.470766653590713513e-01
1.471067113045488595e-01
1.471365992008741852e-01
1.471663293881249335e-01
1.471959022078357937e-01
1.472253180029805264e-01
1.472545771179530061e-01
1.472836798985493467e-01
1.473126266919489724e-01
1.473414178466967428e-01
1.473700537126846066e-01
1.473985346411337549e-01
1.474268609845761635e-01
1.474550330968371903e-01
1.474830513330173121e-01
1.475109160494746940e-01
1.475386276038072597e-01
1.475661863548351771e-01
1.475935926625834838e-01
1.476208468882644065e-01
1.476479493942602361e-01
1.476749005441058138e-01
1.477017007024717943e-01
1.477283502351470768e-01
1.477548495090220959e-01
1.477811988920716968e-01
1.478073987533384537e-01
1.478334494629158224e-01
1.478593513919314595e-01
1.478851049125307626e-01
1.479107103978601900e-01
1.479361682220509122e-01
1.479614787602023251e-01
1.479866423883663407e-01
1.480116594835304278e-01
1.480365304236020418e-01
1.480612555873925817e-01
1.480858353546013473e-01
1.481102701057996629e-01
1.481345602224153624e-01
1.481587060867168848e-01
1.481827080817979259e-01
1.482065665915616171e-01
1.482302820007054267e-01
1.482538546947058389e-01
1.482772850598028103e-01
1.483005734829850042e-01
1.483237203519741920e-01
1.483467260552109312e-01
1.483695909818392167e-01
1.483923155216916312e-01
1.484149000652750794e-01
1.484373450037554110e-01
1.484596507289436818e-01
1.484818176332808881e-01
1.485038461098240892e-01
1.485257365522320017e-01
1.485474893547506225e-01
1.485691049121991569e-01
1.485905836199560293e-01
1.486119258739448667e-01
1.486331320706205383e-01
1.486542026069554157e-01
1.486751378804255785e-01
1.486959382889972703e-01
1.487166042311133529e-01
1.487371361056796792e-01
1.487575343120518534e-01
1.487777992500217417e-01
1.487979313198045384e-01
1.488179309220253321e-01
1.488377984577061164e-01
1.488575343282530217e-01
1.488771389354430763e-01
1.488966126814116886e-01
1.489159559686397127e-01
1.489351691999409311e-01
1.489542527784493975e-01
1.489732071076070308e-01
1.489920325911512078e-01
1.490107296331022457e-01
1.490292986377514395e-01
1.490477400096487659e-01
1.490660541535907269e-01
1.490842414746085809e-01
1.491023023779561862e-01
1.491202372690981770e-01
1.491380465536986388e-01
1.491557306376085357e-01
1.491732899268551349e-01
1.491907248276297948e-01
1.492080357462766960e-01
1.492252230892817111e-01
1.492422872632607200e-01
1.492592286749488684e-01
1.492760477311890766e-01
1.492927448389210210e-01
1.493093204051705591e-01
1.493257748370382387e-01
1.493421085416890004e-01
1.493583219263414086e-01
1.493744153982564660e-01
1.493903893647277881e-01
1.494062442330705009e-01
1.494219804106110827e-01
1.494375983046771494e-01
1.494530983225867971e-01
1.494684808716388869e-01
1.494837463591025539e-01
1.494988951922072706e-01
1.495139277781329379e-01
1.495288445240000041e-01
1.495436458368596955e-01
1.495583321236839125e-01
1.495729037913561821e-01
1.495873612466615266e-01
1.496017048962773321e-01
1.496159351467634957e-01
1.496300524045535985e-01
1.496440570759449973e-01
1.496579495670902482e-01
1.496717302839873087e-01
1.496853996324710445e-01
1.496989580182038482e-01
1.497124058466668128e-01
1.497257435231508504e-01
1.497389714527481708e-01
1.497520900403430666e-01
1.497650996906038368e-01
1.497780008079736269e-01
1.497907937966623804e-01
1.498034790606382893e-01
1.498160570036193295e-01
1.498285280290649890e-01
1.498408925401683578e-01
1.498531509398474126e-01
1.498653036307372732e-01
1.498773510151823474e-01
1.498892934952280875e-01
1.499011314726132749e-01
1.499128653487620255e-01
1.499244955247763800e-01
1.499360224014282261e-01
1.499474463791520829e-01
1.499587678580373284e-01
1.499699872378207066e-01
1.499811049178791933e-01
1.499921212972221973e-01
1.500030367744848714e-01
1.500138517479202571e-01
1.500245666153927626e-01
1.500351817743707517e-01
1.500456976219193828e-01
1.500561145546940867e-01
1.500664329689333221e-01
1.500766532604520809e-01
1.500867758246346995e-01
1.500968010564286970e-01
1.501067293503375866e-01
1.501165611004147693e-01
1.501262967002568172e-01
1.501359365429970616e-01
1.501454810212992930e-01
1.501549305273512935e-01
1.501642854528587034e-01
1.501735461890386925e-01
1.501827131266141035e-01
1.501917866558070969e-01
1.502007671663332933e-01
1.502096550473956960e-01
1.502184506876789172e-01
1.502271544753434052e-01
1.502357667980193934e-01
1.502442880428014327e-01
1.502527185962427847e-01
1.502610588443495376e-01
1.502693091725754160e-01
1.502774699658158963e-01
1.502855416084032114e-01
1.502935244841006324e-01
1.503014189760974451e-01
1.503092254670034822e-01
1.503169443388438498e-01
1.503245759730543196e-01
1.503321207504756118e-01
1.503395790513485930e-01
1.503469512553093912e-01
1.503542377413843445e-01
1.503614388879853103e-01
1.503685550729047804e-01
1.503755866733109403e-01
1.503825340657432008e-01
1.503893976261074794e-01
1.503961777296715652e-01
1.504028747510605390e-01
1.504094890642525550e-01
1.504160210425739830e-01
1.504224710586952729e-01
1.504288394846266530e-01
1.504351266917137442e-01
1.504413330506332580e-01
1.504474589313891386e-01
1.504535047033080108e-01
1.504594707350352389e-01
1.504653573945313461e-01
1.504711650490671571e-01
1.504768940652207454e-01
1.504825448088728534e-01
1.504881176452035896e-01
1.504936129386883481e-01
1.504990310530940900e-01
1.505043723514758180e-01
1.505096371961727464e-01
1.505148259488049978e-01
1.505199389702695234e-01
1.505249766207371331e-01
1.505299392596489150e-01
1.505348272457126269e-01
1.505396409368995880e-01
1.505443806904411819e-01
1.505490468628256362e-01
1.505536398097949424e-01
1.505581598863414694e-01
1.505626074467049103e-01
1.505669828443693403e-01
1.505712864320598865e-01
1.505755185617400904e-01
1.505796795846084390e-01
1.505837698510961165e-01
1.505877897108634511e-01
1.505917395127977509e-01
1.505956196050098894e-01
1.505994303348320851e-01
1.506031720488148484e-01
1.506068450927244839e-01
1.506104498115404811e-01
1.506139865494529329e-01
1.506174556498598160e-01
1.506208574553648538e-01
1.506241923077748512e-01
1.506274605480971418e-01
1.506306625165375612e-01
1.506337985524977829e-01
1.506368689945733197e-01
1.506398741805508590e-01
1.506428144474067088e-01
1.506456901313038554e-01
1.506485015675904093e-01
1.506512490907972457e-01
1.506539330346358674e-01
1.506565537319966563e-01
1.506591115149467086e-01
1.506616067147278359e-01
1.506640396617547617e-01
1.506664106856133167e-01
1.506687201150582744e-01
1.506709682780119630e-01
1.506731555015621005e-01
1.506752821119605734e-01
1.506773484346211056e-01
1.506793547941182032e-01
1.506813015141849066e-01
