1.000000000000000000e+00
9.803921984305594695e-01
9.615385541339516173e-01
9.433963799049839283e-01
9.259261505741853693e-01
9.090912155515131765e-01
8.928575421688533797e-01
8.771934860390151467e-01
8.620695851706192681e-01
8.474583750203953381e-01
8.333342220401926959e-01
8.196731735963703747e-01
8.064528224130755873e-01
7.936521839256499566e-01
7.812515851321234495e-01
7.692325637045407394e-01
7.575777762719634323e-01
7.462709149169097778e-01
7.352966310397384131e-01
7.246404658435059432e-01
7.142887867772450550e-01
7.042287293502246248e-01
6.944481437950061897e-01
6.849355461143515900e-01
6.756800730972876146e-01
6.666714409338794223e-01
6.578999070972494367e-01
6.493562351958225287e-01
6.410316625292394876e-01
6.329178701083697511e-01
6.250069549238228550e-01
6.172914042686341585e-01
6.097640719397804387e-01
6.024181561600594481e-01
5.952471790769758853e-01
5.882449677087642215e-01
5.814056362197528305e-01
5.747235694181158649e-01
5.681934073787759942e-01
5.618100311029641247e-01
5.555685491338037130e-01
5.494642850543864920e-01
5.434927658011857732e-01
5.376497107314441859e-01
5.319310213883841065e-01
5.263327719128275684e-01
5.208512000540852505e-01
5.154826987368752444e-01
5.102238081445499285e-01
5.050712082821268156e-01
5.000217119855365766e-01
4.950722583461640847e-01
4.902199065221771734e-01
4.854618299103631851e-01
4.807953106542040000e-01
4.762177344657732014e-01
4.717265857407353380e-01
4.673194429472684597e-01
4.629939742711575157e-01
4.587479335006068859e-01
4.545791561355174148e-01
4.504855557070726046e-01
4.464651202944887043e-01
4.425159092267164640e-01
4.386360499577376393e-01
4.348237351048876431e-01
4.310772196403697687e-01
4.273948182267927054e-01
4.237749026881903469e-01
4.202158996085516574e-01
4.167162880504242661e-01
4.132745973866452927e-01
4.098894052387077602e-01
4.065593355156941757e-01
4.032830565481004825e-01
4.000592793112362489e-01
3.968867557332246832e-01
3.937642770829388184e-01
3.906906724335041936e-01
3.876648071972655374e-01
3.846855817283698631e-01
3.817519299893546436e-01
3.788628182783435605e-01
3.760172440136634320e-01
3.732142345728803878e-01
3.704528461834339925e-01
3.677321628622143845e-01
3.650512954015817102e-01
3.624093803994689611e-01
3.598055793313543194e-01
3.572390776620031350e-01
3.547090839950094443e-01
3.522148292582709672e-01
3.497555659236418757e-01
3.473305672590970561e-01
3.449391266118441157e-01
3.425805567208938252e-01
3.402541890576905592e-01
3.379593731934725231e-01
3.356954761921087105e-01
3.334618820272201023e-01
3.312579910224633384e-01
3.290832193139082706e-01
3.269369983334968199e-01
3.248187743126279003e-01
3.227280078049592493e-01
3.206641732275604673e-01
3.186267584196031954e-01
3.166152642178094445e-01
3.146292040479198304e-01
3.126681035314829993e-01
3.107315001072967209e-01
3.088189426668710436e-01
3.069299912033100486e-01
3.050642164730369976e-01
3.032211996698230272e-01
3.014005321105956980e-01
2.996018149325366253e-01
2.978246588009966778e-01
2.960686836277805489e-01
2.943335182993743193e-01
2.926188004147088351e-01
2.909241760320702697e-01
2.892492994247885529e-01
2.875938328453493953e-01
2.859574462975950637e-01
2.843398173166891696e-01
2.827406307565411558e-01
2.811595785843954420e-01
2.795963596823065056e-01
2.780506796552299487e-01
2.765222506454761420e-01
2.750107911532793104e-01
2.735160258632509667e-01
2.720376854764902097e-01
2.705755065481411648e-01
2.691292313301879568e-01
2.676986076192950370e-01
2.662833886095027913e-01
2.648833327495992984e-01
2.634982036049957621e-01
2.621277697239407511e-01
2.607718045079152613e-01
2.594300860860556113e-01
2.581023971934617856e-01
2.567885250532475627e-01
2.554882612622028648e-01
2.542014016799372111e-01
2.529277463213824850e-01
2.516670992525364414e-01
2.504192684893337684e-01
2.491840658995352897e-01
2.479613071075311148e-01
2.467508114019571486e-01
2.455524016460290393e-01
2.443659041904987783e-01
2.431911487891478540e-01
2.420279685167281425e-01
2.408761996892705426e-01
2.397356817866800605e-01
2.386062573775433182e-01
2.374877720460723540e-01
2.363800743211177668e-01
2.352830156071783196e-01
2.341964501173472990e-01
2.331202348081276854e-01
2.320542293160587910e-01
2.309982958960941080e-01
2.299522993616751887e-01
2.289161070264467412e-01
2.278895886475606758e-01
2.268726163705194476e-01
2.258650646755094860e-01
2.248668103251778572e-01
2.238777323138079201e-01
2.228977118178490924e-01
2.219266321477602333e-01
2.209643787011251470e-01
2.200108389170010725e-01
2.190659022314636606e-01
2.181294600343101631e-01
2.172014056268876947e-01
2.162816341810108178e-01
2.153700426989370031e-01
2.144665299743680198e-01
2.135709965544459188e-01
2.126833447027152713e-01
2.118034783630224072e-01
2.109313031243238989e-01
2.100667261863786162e-01
2.092096563262964004e-01
2.083600038659187415e-01
2.075176806400089169e-01
2.066825999652255608e-01
2.058546766098593717e-01
2.050338267643104229e-01
2.042199680122841199e-01
2.034130193026877642e-01
2.026129009222049637e-01
2.018195344685310144e-01
2.010328428242502130e-01
2.002527501313363101e-01
1.994791817662602273e-01
1.987120643156868316e-01
1.979513255527456106e-01
1.971968944138587365e-01
1.964487009761119174e-01
1.957066764351525490e-01
1.949707530836011227e-01
1.942408642899629001e-01
1.935169444780241998e-01
1.927989291067229161e-01
1.920867546504784751e-01
1.913803585799704055e-01
1.906796793433525039e-01
1.899846563478920780e-01
1.892952299420226081e-01
1.886113413977982267e-01
1.879329328937414667e-01
1.872599474980718159e-01
1.865923291523068628e-01
1.859300226552251523e-01
1.852729736471827038e-01
1.846211285947728931e-01
1.839744347758214826e-01
1.833328402647088629e-01
1.826962939180097334e-01
1.820647453604433696e-01
1.814381449711263694e-01
1.808164438701203303e-01
1.801995939052664641e-01
1.795875476393008485e-01
1.789802583372429035e-01
1.783776799540502944e-01
1.777797671225337939e-01
1.771864751415258010e-01
1.765977599642961082e-01
1.760135781872085858e-01
1.754338870386138449e-01
1.748586443679714386e-01
1.742878086351958844e-01
1.737213389002214559e-01
1.731591948127808311e-01
1.726013366023919915e-01
1.720477250685480131e-01
1.714983215711058107e-01
1.709530880208689485e-01
1.704119868703590779e-01
1.698749811047727820e-01
1.693420342331183326e-01
1.688131102795292771e-01
1.682881737747495832e-01
1.677671897477871488e-01
1.672501237177319577e-01
1.667369416857334419e-01
1.662276101271362438e-01
1.657220959837676366e-01
1.652203666563754614e-01
1.647223899972121153e-01
1.642281343027608698e-01
1.637375683066029652e-01
1.632506611724199308e-01
1.627673824871302133e-01
1.622877022541559522e-01
1.618115908868171804e-01
1.613390192018509250e-01
1.608699584130514892e-01
1.604043801250311096e-01
1.599422563270960218e-01
1.594835593872370172e-01
1.590282620462315499e-01
1.585763374118544511e-01
1.581277589531957517e-01
1.576825004950823117e-01
1.572405362126021444e-01
1.568018406257276898e-01
1.563663885940376475e-01
1.559341553115337897e-01
1.555051163015513938e-01
1.550792474117616004e-01
1.546565248092625633e-01
1.542369249757589433e-01
1.538204247028267802e-01
1.534070010872624623e-01
1.529966315265139931e-01
1.525892937141924144e-01
1.521849656356625280e-01
1.517836255637098619e-01
1.513852520542842695e-01
1.509898239423163591e-01
1.505973203376071989e-01
1.502077206207884097e-01
1.498210044393518403e-01
1.494371517037471342e-01
1.490561425835461307e-01
1.486779575036724088e-01
1.483025771406945303e-01
1.479299824191820656e-01
1.475601545081231536e-01
1.471930748174013759e-01
1.468287249943326100e-01
1.464670869202586989e-01
1.461081427071978522e-01
1.457518746945503374e-01
1.453982654458590429e-01
1.450472977456224166e-01
1.446989545961596679e-01
1.443532192145278448e-01
1.440100750294877052e-01
1.436695056785199653e-01
1.433314950048884540e-01
1.429960270547517009e-01
1.426630860743193507e-01
1.423326565070552885e-01
1.420047229909240649e-01
1.416792703556816746e-01
1.413562836202087447e-01
1.410357479898856348e-01
1.407176488540086701e-01
1.404019717832463987e-01
1.400887025271362885e-01
1.397778270116186161e-01
1.394693313366100473e-01
1.391632017736132432e-01
1.388594247633636036e-01
1.385579869135120934e-01
1.382588749963425401e-01
1.379620759465239321e-01
1.376675768588969673e-01
1.373753649862928805e-01
1.370854277373856900e-01
1.367977526745761119e-01
1.365123275119067836e-01
1.362291401130083790e-01
1.359481784890762268e-01
1.356694307968760449e-01
1.353928853367791785e-01
1.351185305508264822e-01
1.348463550208196526e-01
1.345763474664409542e-01
1.343084967433992860e-01
1.340427918416029207e-01
1.337792218833583624e-01
1.335177761215948777e-01
1.332584439381137853e-01
1.330012148418626694e-01
1.327460784672335470e-01
1.324930245723848488e-01
1.322420430375869094e-01
1.319931238635900228e-01
1.317462571700150908e-01
1.315014331937663095e-01
1.312586422874657544e-01
1.310178749179090052e-01
1.307791216645414201e-01
1.305423732179555596e-01
1.303076203784083453e-01
1.300748540543579801e-01
1.298440652610206580e-01
1.296152451189458987e-01
1.293883848526109492e-01
1.291634757890337826e-01
1.289405093564036098e-01
1.287194770827296830e-01
1.285003705945076402e-01
1.282831816154022531e-01
1.280679019649482164e-01
1.278545235572663974e-01
1.276430383997969320e-01
1.274334385920484203e-01
1.272257163243623590e-01
1.270198638766934507e-01
1.268158736174048729e-01
1.266137380020785352e-01
1.264134495723400198e-01
1.262150009546977592e-01
1.260183848593967870e-01
1.258235940792857277e-01
1.256306214886981354e-01
1.254394600423469619e-01
1.252501027742321249e-01
1.250625427965614267e-01
1.248767732986838241e-01
1.246927875460357715e-01
1.245105788790990542e-01
1.243301407123719726e-01
1.241514665333512124e-01
1.239745499015264540e-01
1.237993844473857241e-01
1.236259638714326675e-01
1.234542819432145888e-01
1.232843325003619150e-01
1.231161094476377060e-01
1.229496067559986139e-01
1.227848184616655985e-01
1.226217386652054403e-01
1.224603615306217586e-01
1.223006812844566193e-01
1.221426922149012606e-01
1.219863886709171008e-01
1.218317650613653935e-01
1.216788158541470682e-01
1.215275355753508008e-01
1.213779188084109228e-01
1.212299601932736448e-01
1.210836544255721597e-01
1.209389962558103521e-01
1.207959804885548605e-01
1.206546019816355647e-01
1.205148556453540798e-01
1.203767364417004382e-01
1.202402393835776961e-01
1.201053595340340896e-01
1.199720920055032669e-01
1.198404319590516409e-01
1.197103746036335681e-01
1.195819151953535220e-01
1.194550490367356638e-01
1.193297714760005179e-01
1.192060779063484899e-01
1.190839637652504474e-01
1.189634245337449076e-01
1.188444557357419967e-01
1.187270529373340849e-01
1.186112117461126381e-01
1.184969278104916895e-01
1.183841968190374738e-01
1.182730144998044158e-01
1.181633766196768243e-01
1.180552789837171768e-01
1.179487174345199285e-01
1.178436878515712327e-01
1.177401861506145453e-01
1.176382082830216003e-01
1.175377502351696996e-01
1.174388080278234159e-01
1.173413777155226934e-01
1.172454553859761384e-01
1.171510371594589733e-01
1.170581191882170830e-01
1.169666976558755289e-01
1.168767687768525604e-01
1.167883287957784677e-01
1.167013739869193628e-01
1.166159006536058862e-01
1.165319051276667850e-01
1.164493837688670291e-01
1.163683329643509928e-01
1.162887491280898411e-01
1.162106287003337179e-01
1.161339681470686114e-01
1.160587639594772291e-01
1.159850126534046483e-01
1.159127107688284475e-01
1.158418548693324474e-01
1.157724415415855024e-01
1.157044673948239705e-01
1.156379290603386234e-01
1.155728231909654291e-01
1.155091464605805945e-01
1.154468955635993277e-01
1.153860672144790406e-01
1.153266581472259800e-01
1.152686651149059521e-01
1.152120848891590166e-01
1.151569142597176354e-01
1.151031500339290692e-01
1.150507890362808261e-01
1.149998281079305795e-01
1.149502641062388475e-01
1.149020939043063072e-01
1.148553143905137741e-01
1.148099224680660252e-01
1.147659150545395912e-01
1.147232890814331302e-01
1.146820414937221033e-01
1.146421692494163924e-01
1.146036693191213596e-01
1.145665386856023898e-01
1.145307743433526398e-01
1.144963732981642973e-01
1.144633325667027274e-01
1.144316491760843379e-01
1.144013201634573457e-01
1.143723425755857892e-01
1.143447134684369287e-01
1.143184299067716153e-01
1.142934889637377271e-01
1.142698877204670199e-01
1.142476232656747526e-01
1.142266926952625050e-01
1.142070931119243682e-01
1.141888216247555210e-01
1.141718753488644711e-01
1.141562514049878629e-01
1.141419469191084501e-01
1.141289590220762595e-01
1.141172848492321701e-01
1.141069215400350861e-01
1.140978662376915670e-01
1.140901160887884264e-01
1.140836682429285653e-01
1.140785198523693589e-01
1.140746680716641093e-01
1.140721100573063307e-01
1.140708429673767815e-01
1.140708639611936193e-01
1.140721701989650949e-01
1.140747588414454394e-01
1.140786270495929289e-01
1.140837719842319603e-01
1.140901908057164599e-01
1.140978806735972462e-01
1.141068387462916972e-01
1.141170621807562902e-01
1.141285481321620138e-01
1.141412937535724870e-01
1.141552961956247836e-01
1.141705526062133103e-01
1.141870601301762100e-01
1.142048159089845832e-01
1.142238170804345393e-01
1.142440607783420520e-01
1.142655441322403820e-01
1.142882642670807192e-01
1.143122183029348926e-01
1.143374033547014945e-01
1.143638165318144329e-01
1.143914549379543566e-01
1.144203156707627456e-01
1.144503958215590533e-01
1.144816924750601261e-01
1.145142027091027304e-01
1.145479235943690638e-01
1.145828521941144179e-01
1.146189855638982819e-01
1.146563207513175420e-01
1.146948547957432757e-01
1.147345847280595438e-01
1.147755075704054162e-01
1.148176203359198566e-01
1.148609200284890497e-01
1.149054036424967257e-01
1.149510681625774133e-01
1.149979105633723020e-01
1.150459278092879623e-01
1.150951168542579950e-01
1.151454746415074004e-01
1.151969981033198476e-01
1.152496841608076222e-01
1.153035297236846973e-01
1.153585316900425095e-01
1.154146869461283170e-01
1.154719923661270409e-01
1.155304448119454652e-01
1.155900411329994215e-01
1.156507781660039147e-01
1.157126527347662470e-01
1.157756616499818203e-01
1.158398017090330606e-01
1.159050696957908688e-01
1.159714623804196237e-01
1.160389765191846556e-01
1.161076088542624674e-01
1.161773561135546473e-01
1.162482150105038359e-01
1.163201822439134808e-01
1.163932544977698685e-01
1.164674284410676108e-01
1.165427007276377547e-01
1.166190679959793475e-01
1.166965268690934587e-01
1.167750739543205185e-01
1.168547058431807784e-01
1.169354191112174368e-01
1.170172103178431372e-01
1.171000760061893242e-01
1.171840127029586259e-01
1.172690169182805386e-01
1.173550851455698596e-01
1.174422138613882283e-01
1.175303995253092204e-01
1.176196385797856903e-01
1.177099274500211235e-01
1.178012625438432937e-01
1.178936402515815829e-01
1.179870569459472163e-01
1.180815089819165636e-01
1.181769926966177164e-01
1.182735044092200760e-01
1.183710404208272449e-01
1.184695970143728183e-01
1.185691704545197567e-01
1.186697569875624220e-01
1.187713528413321534e-01
1.188739542251059100e-01
1.189775573295181882e-01
1.190821583264758954e-01
1.191877533690767210e-01
1.192943385915305188e-01
1.194019101090840335e-01
1.195104640179486810e-01
1.196199963952317008e-01
1.197305032988705692e-01
1.198419807675704662e-01
1.199544248207451286e-01
1.200678314584609080e-01
1.201821966613841469e-01
1.202975163907315098e-01
1.204137865882240754e-01
1.205310031760442741e-01
1.206491620567962803e-01
1.207682591134695282e-01
1.208882902094057521e-01
1.210092511882689542e-01
1.211311378740189959e-01
1.212539460708882549e-01
1.213776715633615028e-01
1.215023101161593205e-01
1.216278574742246654e-01
1.217543093627125594e-01
1.218816614869833309e-01
1.220099095325988536e-01
1.221390491653225191e-01
1.222690760311219704e-01
1.223999857561753057e-01
1.225317739468809730e-01
1.226644361898702462e-01
1.227979680520233791e-01
1.229323650804892143e-01
1.230676228027075270e-01
1.232037367264351424e-01
1.233407023397750518e-01
1.234785151112091361e-01
1.236171704896333740e-01
1.237566639043974209e-01
1.238969907653464236e-01
1.240381464628667607e-01
1.241801263679346984e-01
1.243229258321683905e-01
1.244665401878831956e-01
1.246109647481497967e-01
1.247561948068564019e-01
1.249022256387732344e-01
1.250490524996206165e-01
1.251966706261405937e-01
1.253450752361711662e-01
1.254942615287239771e-01
1.256442246840650534e-01
1.257949598637993494e-01
1.259464622109572329e-01
1.260987268500851355e-01
1.262517488873390326e-01
1.264055234105809222e-01
1.265600454894785232e-01
1.267153101756081091e-01
1.268713125025602295e-01
1.270280474860490116e-01
1.271855101240236818e-01
1.273436953967840568e-01
1.275025982670983937e-01
1.276622136803246266e-01
1.278225365645344058e-01
1.279835618306404132e-01
1.281452843725260915e-01
1.283076990671790651e-01
1.284708007748269765e-01
1.286345843390764299e-01
1.287990445870547673e-01
1.289641763295549526e-01
1.291299743611828976e-01
1.292964334605082588e-01
1.294635483902175088e-01
1.296313138972701173e-01
1.297997247130573406e-01
1.299687755535642031e-01
1.301384611195334773e-01
1.303087760966333275e-01
1.304797151556269796e-01
1.306512729525451944e-01
1.308234441288617100e-01
1.309962233116711561e-01
1.311696051138693253e-01
1.313435841343366661e-01
1.315181549581235787e-01
1.316933121566390696e-01
1.318690502878411830e-01
1.320453638964305676e-01
1.322222475140459874e-01
1.323996956594628016e-01
1.325777028387933598e-01
1.327562635456901730e-01
1.329353722615512767e-01
1.331150234557280099e-01
1.332952115857351238e-01
1.334759310974629465e-01
1.336571764253922379e-01
1.338389419928110446e-01
1.340212222120333863e-01
1.342040114846209664e-01
1.343873042016062169e-01
1.345710947437177840e-01
1.347553774816082905e-01
1.349401467760837636e-01
1.351253969783353104e-01
1.353111224301727367e-01
1.354973174642601086e-01
1.356839764043531460e-01
1.358710935655388918e-01
1.360586632544766306e-01
1.362466797696411935e-01
1.364351374015674578e-01
1.366240304330975930e-01
1.368133531396286406e-01
1.370030997893630087e-01
1.371932646435601588e-01
1.373838419567897651e-01
1.375748259771864823e-01
1.377662109467066298e-01
1.379579911013859572e-01
1.381501606715991592e-01
1.383427138823206670e-01
1.385356449533869938e-01
1.387289480997601909e-01
1.389226175317931078e-01
1.391166474554954013e-01
1.393110320728010443e-01
1.395057655818373599e-01
1.397008421771945286e-01
1.398962560501969543e-01
1.400920013891751859e-01
1.402880723797393925e-01
1.404844632050536446e-01
1.406811680461107772e-01
1.408781810820090574e-01
1.410754964902290742e-01
1.412731084469117659e-01
1.414710111271372805e-01
1.416691987052045576e-01
1.418676653549118261e-01
1.420664052498375185e-01
1.422654125636223232e-01
1.424646814702513198e-01
1.426642061443372245e-01
1.428639807614038026e-01
1.430639994981702523e-01
1.432642565328354489e-01
1.434647460453631618e-01
1.436654622177674090e-01
1.438663992343984233e-01
1.440675512822283955e-01
1.442689125511383286e-01
1.444704772342042809e-01
1.446722395279844697e-01
1.448741936328060698e-01
1.450763337530525110e-01
1.452786540974504437e-01
1.454811488793572860e-01
1.456838123170482446e-01
1.458866386340034460e-01
1.460896220591955119e-01
1.462927568273760248e-01
1.464960371793626592e-01
1.466994573623258691e-01
1.469030116300752697e-01
1.471066942433456592e-01
1.473104994700830117e-01
1.475144215857299990e-01
1.477184548735108738e-01
1.479225936247164086e-01
1.481268321389878073e-01
1.483311647246006171e-01
1.485355856987476408e-01
1.487400893878217667e-01
1.489446701276976037e-01
1.491493222640130067e-01
1.493540401524495187e-01
1.495588181590122301e-01
1.497636506603089168e-01
1.499685320438279845e-01
1.501734567082163851e-01
1.503784190635557294e-01
1.505834135316380662e-01
1.507884345462403852e-01
1.509934765533985646e-01
1.511985340116795418e-01
1.514036013924534019e-01
1.516086731801633558e-01
1.518137438725954691e-01
1.520188079811465032e-01
1.522238600310911183e-01
1.524288945618472169e-01
1.526339061272410647e-01
1.528388892957697198e-01
1.530438386508631288e-01
1.532487487911448343e-01
1.534536143306904354e-01
1.536584298992856590e-01
1.538631901426823212e-01
1.540678897228528743e-01
1.542725233182436206e-01
1.544770856240262336e-01
1.546815713523475855e-01
1.548859752325782158e-01
1.550902920115589945e-01
1.552945164538458434e-01
1.554986433419534853e-01
1.557026674765965291e-01
1.559065836769294722e-01
1.561103867807845658e-01
1.563140716449081813e-01
1.565176331451946790e-01
1.567210661769193325e-01
1.569243656549683952e-01
1.571275265140680277e-01
1.573305437090106729e-01
1.575334122148798199e-01
1.577361270272726324e-01
1.579386831625207155e-01
1.581410756579081922e-01
1.583432995718887792e-01
1.585453499842996716e-01
1.587472219965742615e-01
1.589489107319516925e-01
1.591504113356853045e-01
1.593517189752481911e-01
1.595528288405365092e-01
1.597537361440714010e-01
1.599544361211971688e-01
1.601549240302790611e-01
1.603551951528970065e-01
1.605552447940381267e-01
1.607550682822866395e-01
1.609546609700113207e-01
1.611540182335505222e-01
1.613531354733954148e-01
1.615520081143698716e-01
1.617506316058087423e-01
1.619490014217334628e-01
1.621471130610248890e-01
1.623449620475943822e-01
1.625425439305516195e-01
1.627398542843707108e-01
1.629368887090530127e-01
1.631336428302881947e-01
1.633301122996123900e-01
1.635262927945636824e-01
1.637221800188353726e-01
1.639177697024268299e-01
1.641130576017906517e-01
1.643080394999795746e-01
1.645027112067876662e-01
1.646970685588919348e-01
1.648911074199894411e-01
1.650848236809321357e-01
1.652782132598601406e-01
1.654712721023307020e-01
1.656639961814459494e-01
1.658563814979772677e-01
1.660484240804874778e-01
1.662401199854498524e-01
1.664314652973649111e-01
1.666224561288745243e-01
1.668130886208731012e-01
1.670033589426163090e-01
1.671932632918273487e-01
1.673827978947998729e-01
1.675719590064992381e-01
1.677607429106600101e-01
1.679491459198818037e-01
1.681371643757217371e-01
1.683247946487844149e-01
1.685120331388094972e-01
1.686988762747563264e-01
1.688853205148858339e-01
1.690713623468401705e-01
1.692569982877191737e-01
1.694422248841545298e-01
1.696270387123811896e-01
1.698114363783060909e-01
1.699954145175743836e-01
1.701789697956324621e-01
1.703620989077892778e-01
1.705447985792741816e-01
1.707270655652927127e-01
1.709088966510792784e-01
1.710902886519476140e-01
1.712712384133382726e-01
1.714517428108641162e-01
1.716317987503523379e-01
1.718114031678846243e-01
1.719905530298342922e-01
1.721692453329013994e-01
1.723474771041443865e-01
1.725252454010100245e-01
1.727025473113604770e-01
1.728793799534978359e-01
1.730557404761859375e-01
1.732316260586701517e-01
1.734070339106938974e-01
1.735819612725139072e-01
1.737564054149113302e-01
1.739303636392020291e-01
1.741038332772432695e-01
1.742768116914381327e-01
1.744492962747385134e-01
1.746212844506440098e-01
1.747927736731998138e-01
1.749637614269915487e-01
1.751342452271378303e-01
1.753042226192806086e-01
1.754736911795727883e-01
1.756426485146641570e-01
1.758110922616842875e-01
1.759790200882235534e-01
1.761464296923117567e-01
1.763133188023945364e-01
1.764796851773073882e-01
1.766455266062472995e-01
1.768108409087428834e-01
1.769756259346211835e-01
1.771398795639734236e-01
1.773035997071177317e-01
1.774667843045599214e-01
1.776294313269524139e-01
1.777915387750510501e-01
1.779531046796690164e-01
1.781141271016299377e-01
1.782746041317176400e-01
1.784345338906247469e-01
1.785939145288989449e-01
1.787527442268873057e-01
1.789110211946781381e-01
1.790687436720417025e-01
1.792259099283683987e-01
1.793825182626050119e-01
1.795385670031894587e-01
1.796940545079830920e-01
1.798489791642015057e-01
1.800033393883435640e-01
1.801571336261178491e-01
1.803103603523686094e-01
1.804630180709984044e-01
1.806151053148903340e-01
1.807666206458274361e-01
1.809175626544110016e-01
1.810679299599771142e-01
1.812177212105109958e-01
1.813669350825604099e-01
1.815155702811468985e-01
1.816636255396755217e-01
1.818110996198430696e-01
1.819579913115445535e-01
1.821042994327782272e-01
1.822500228295491076e-01
1.823951603757708873e-01
1.825397109731660972e-01
1.826836735511656040e-01
1.828270470668054704e-01
1.829698305046236761e-01
1.831120228765537594e-01
1.832536232218193450e-01
1.833946306068249266e-01
1.835350441250469256e-01
1.836748628969227526e-01
1.838140860697387025e-01
1.839527128175163784e-01
1.840907423408983667e-01
1.842281738670319968e-01
1.843650066494524065e-01
1.845012399679640536e-01
1.846368731285213949e-01
1.847719054631080660e-01
1.849063363296151175e-01
1.850401651117181689e-01
1.851733912187533693e-01
1.853060140855921079e-01
1.854380331725153930e-01
1.855694479650862594e-01
1.857002579740218984e-01
1.858304627350640392e-01
1.859600618088496637e-01
1.860890547807793061e-01
1.862174412608851026e-01
1.863452208836985646e-01
1.864723933081159635e-01
1.865989582172644934e-01
1.867249153183663246e-01
1.868502643426029064e-01
1.869750050449771606e-01
1.870991372041764245e-01
1.872226606224333956e-01
1.873455751253870483e-01
1.874678805619426902e-01
1.875895768041309919e-01
1.877106637469670436e-01
1.878311413083076364e-01
1.879510094287095701e-01
1.880702680712854069e-01
1.881889172215602812e-01
1.883069568873272925e-01
1.884243870985023994e-01
1.885412079069789804e-01
1.886574193864817839e-01
1.887730216324206289e-01
1.888880147617430227e-01
1.890023989127869730e-01
1.891161742451329952e-01
1.892293409394558701e-01
1.893418991973758181e-01
1.894538492413096742e-01
1.895651913143210909e-01
1.896759256799708249e-01
1.897860526221668009e-01
1.898955724450135663e-01
1.900044854726615218e-01
1.901127920491558765e-01
1.902204925382856293e-01
1.903275873234318016e-01
1.904340768074159196e-01
1.905399614123479968e-01
1.906452415794744337e-01
1.907499177690257230e-01
1.908539904600641546e-01
1.909574601503311875e-01
1.910603273560947113e-01
1.911625926119960572e-01
1.912642564708976201e-01
1.913653195037296750e-01
1.914657822993370839e-01
1.915656454643265838e-01
1.916649096229137150e-01
1.917635754167696105e-01
1.918616435048679514e-01
1.919591145633317564e-01
1.920559892852808370e-01
1.921522683806781429e-01
1.922479525761774111e-01
1.923430426149701500e-01
1.924375392566326504e-01
1.925314432769738016e-01
1.926247554678822138e-01
1.927174766371741454e-01
1.928096076084407917e-01
1.929011492208967948e-01
1.929921023292278937e-01
1.930824678034393505e-01
1.931722465287046553e-01
1.932614394052138418e-01
1.933500473480225801e-01
1.934380712869015195e-01
1.935255121661853261e-01
1.936123709446228025e-01
1.936986485952262860e-01
1.937843461051222960e-01
1.938694644754020147e-01
1.939540047209719342e-01
1.940379678704050592e-01
1.941213549657925808e-01
1.942041670625952454e-01
1.942864052294962784e-01
1.943680705482530024e-01
1.944491641135503990e-01
1.945296870328543370e-01
1.946096404262648849e-01
1.946890254263705655e-01
1.947678431781030839e-01
1.948460948385919989e-01
1.949237815770200610e-01
1.950009045744791059e-01
1.950774650238261965e-01
1.951534641295404882e-01
1.952289031075800096e-01
1.953037831852398043e-01
1.953781056010095996e-01
1.954518716044327253e-01
1.955250824559650324e-01
1.955977394268346159e-01
1.956698437989019268e-01
1.957413968645203839e-01
1.958123999263975679e-01
1.958828542974569986e-01
1.959527613007005231e-01
1.960221222690706477e-01
1.960909385453147580e-01
1.961592114818482280e-01
1.962269424406193896e-01
1.962941327929745849e-01
1.963607839195239124e-01
1.964268972100071953e-01
1.964924740631613931e-01
1.965575158865874028e-01
1.966220240966188304e-01
1.966860001181902073e-01
1.967494453847066227e-01
1.968123613379134662e-01
1.968747494277671428e-01
1.969366111123061480e-01
1.969979478575232534e-01
1.970587611372376091e-01
1.971190524329680671e-01
1.971788232338071156e-01
1.972380750362951463e-01
1.972968093442956650e-01
1.973550276688712524e-01
1.974127315281597461e-01
1.974699224472515890e-01
1.975266019580675381e-01
1.975827715992374001e-01
1.976384329159788511e-01
1.976935874599776710e-01
1.977482367892681725e-01
1.978023824681142684e-01
1.978560260668920379e-01
1.979091691619716542e-01
1.979618133356012555e-01
1.980139601757909540e-01
1.980656112761975396e-01
1.981167682360098492e-01
1.981674326598354130e-01
1.982176061575869619e-01
1.982672903443700729e-01
1.983164868403721193e-01
1.983651972707504707e-01
1.984134232655233032e-01
1.984611664594591596e-01
1.985084284919689801e-01
1.985552110069976062e-01
1.986015156529170045e-01
1.986473440824191306e-01
1.986926979524105685e-01
1.987375789239072543e-01
1.987819886619303367e-01
1.988259288354022880e-01
1.988694011170439313e-01
1.989124071832731322e-01
1.989549487141022421e-01
1.989970273930384004e-01
1.990386449069829200e-01
1.990798029461325336e-01
1.991205032038806944e-01
1.991607473767201542e-01
1.992005371641457356e-01
1.992398742685580482e-01
1.992787603951682307e-01
1.993171972519031665e-01
1.993551865493112252e-01
1.993927300004691705e-01
1.994298293208895956e-01
1.994664862284291074e-01
1.995027024431972329e-01
1.995384796874659084e-01
1.995738196855804669e-01
1.996087241638698218e-01
1.996431948505591747e-01
1.996772334756822809e-01
1.997108417709946016e-01
1.997440214698875671e-01
1.997767743073034230e-01
1.998091020196505196e-01
1.998410063447196294e-01
1.998724890216010963e-01
1.999035517906019854e-01
1.999341963931652033e-01
1.999644245717881186e-01
1.999942380699422928e-01
2.000236386319945714e-01
2.000526280031279525e-01
2.000812079292635937e-01
2.001093801569837627e-01
2.001371464334547046e-01
2.001645085063514795e-01
2.001914681237820792e-01
2.002180270342134860e-01
2.002441869863975377e-01
2.002699497292980968e-01
2.002953170120184145e-01
2.003202905837296599e-01
2.003448721935996713e-01
2.003690635907230955e-01
2.003928665240513052e-01
2.004162827423236204e-01
2.004393139939991686e-01
2.004619620271892166e-01
2.004842285895903076e-01
2.005061154284178970e-01
2.005276242903412109e-01
2.005487569214178534e-01
2.005695150670299687e-01
2.005899004718205980e-01
2.006099148796307852e-01
2.006295600334371820e-01
2.006488376752910696e-01
2.006677495462566296e-01
2.006862973863512978e-01
2.007044829344859782e-01
2.007223079284059797e-01
2.007397741046328399e-01
2.007568831984066771e-01
2.007736369436288471e-01
2.007900370728058492e-01
2.008060853169933713e-01
2.008217834057412221e-01
2.008371330670387644e-01
2.008521360272609302e-01
2.008667940111151240e-01
2.008811087415883212e-01
2.008950819398951926e-01
2.009087153254264235e-01
2.009220106156979491e-01
2.009349695263010771e-01
2.009475937708522231e-01
2.009598850609440046e-01
2.009718451060971134e-01
2.009834756137122702e-01
2.009947782890227352e-01
2.010057548350475121e-01
2.010164069525459951e-01
2.010267363399713403e-01
2.010367446934263058e-01
2.010464337066183438e-01
2.010558050708160516e-01
2.010648604748057067e-01
2.010736016048485508e-01
2.010820301446385738e-01
2.010901477752611299e-01
2.010979561751515821e-01
2.011054570200548064e-01
2.011126519829854187e-01
2.011195427341879727e-01
2.011261309410983800e-01
2.011324182683051354e-01
2.011384063775120412e-01
2.011440969275002100e-01
2.011494915740915379e-01
2.011545919701124285e-01
2.011593997653580712e-01
2.011639166065569695e-01
2.011681441373362744e-01
2.011720839981873399e-01
2.011757378264324436e-01
2.011791072561907590e-01
2.011821939183460473e-01
2.011849994405144892e-01
2.011875254470124608e-01
2.011897735588256131e-01
2.011917453935774813e-01
2.011934425654997027e-01
2.011948666854015966e-01
2.011960193606412151e-01
2.011969021950958392e-01
2.011975167891339455e-01
2.011978647395867847e-01
2.011979476397211530e-01
2.011977670792116091e-01
2.011973246441144947e-01
2.011966219168412340e-01
2.011956604761324929e-01
2.011944418970330606e-01
2.011929677508666470e-01
2.011912396052115415e-01
2.011892590238762435e-01
2.011870275668759811e-01
2.011845467904094797e-01
2.011818182468360638e-01
2.011788434846532025e-01
2.011756240484744163e-01
2.011721614790076829e-01
2.011684573130345655e-01
2.011645130833888406e-01
2.011603303189363201e-01
2.011559105445549223e-01
2.011512552811151044e-01
2.011463660454601010e-01
2.011412443503876601e-01
2.011358917046311978e-01
2.011303096128417012e-01
2.011244995755701592e-01
2.011184630892499103e-01
2.011122016461798778e-01
2.011057167345077779e-01
2.010990098382141045e-01
2.010920824370954763e-01
2.010849360067498703e-01
2.010775720185609960e-01
2.010699919396834179e-01
2.010621972330280394e-01
2.010541893572481142e-01
2.010459697667247858e-01
2.010375399115542083e-01
2.010289012375340023e-01
2.010200551861506535e-01
2.010110031945663012e-01
2.010017466956073029e-01
2.009922871177518555e-01
2.009826258851186709e-01
2.009727644174552907e-01
2.009627041301275396e-01
2.009524464341085892e-01
2.009419927359685776e-01
2.009313444378649505e-01
2.009205029375319973e-01
2.009094696282720249e-01
2.008982458989456432e-01
2.008868331339633828e-01
2.008752327132765914e-01
2.008634460123694954e-01
2.008514744022509568e-01
2.008393192494465629e-01
2.008269819159914649e-01
2.008144637594230508e-01
2.008017661327737291e-01
2.007888903845644057e-01
2.007758378587982118e-01
2.007626098949540916e-01
2.007492078279809467e-01
2.007356329882921397e-01
2.007218867017597774e-01
2.007079702897097973e-01
2.006938850689171661e-01
2.006796323516007174e-01
2.006652134454192105e-01
2.006506296534669442e-01
2.006358822742697057e-01
2.006209726017814388e-01
2.006059019253801368e-01
2.005906715298652332e-01
2.005752826954539658e-01
2.005597366977791840e-01
2.005440348078859902e-01
2.005281782922302969e-01
2.005121684126756620e-01
2.004960064264922348e-01
2.004796935863544516e-01
2.004632311403397038e-01
2.004466203319270334e-01
2.004298623999959672e-01
2.004129585788255452e-01
2.003959100980936547e-01
2.003787181828766695e-01
2.003613840536488389e-01
2.003439089262822326e-01
2.003262940120469349e-01
2.003085405176111833e-01
2.002906496450416185e-01
2.002726225918043945e-01
2.002544605507652342e-01
2.002361647101910669e-01
2.002177362537507221e-01
2.001991763605165675e-01
2.001804862049655631e-01
2.001616669569814821e-01
2.001427197818563264e-01
2.001236458402923524e-01
2.001044462884043196e-01
2.000851222777216831e-01
2.000656749551912583e-01
2.000461054631797464e-01
2.000264149394763713e-01
2.000066045172959606e-01
1.999866753252820539e-01
1.999666284875101230e-01
1.999464651234907353e-01
1.999261863481733847e-01
1.999057932719500996e-01
1.998852870006588289e-01
1.998646686355880775e-01
1.998439392734804865e-01
1.998231000065371354e-01
1.998021519224221221e-01
1.997810961042667810e-01
1.997599336306743745e-01
1.997386655757247831e-01
1.997172930089795850e-01
1.996958169954868856e-01
1.996742385957862853e-01
1.996525588659143202e-01
1.996307788574099573e-01
1.996088996173195906e-01
1.995869221882030087e-01
1.995648476081388345e-01
1.995426769107307985e-01
1.995204111251131507e-01
1.994980512759567948e-01
1.994755983834755886e-01
1.994530534634326446e-01
1.994304175271462143e-01
1.994076915814967654e-01
1.993848766289330610e-01
1.993619736674790144e-01
1.993389836907403789e-01
1.993159076879116032e-01
1.992927466437826589e-01
1.992695015387465074e-01
1.992461733488053721e-01
1.992227630455789544e-01
1.991992715963108729e-01
1.991756999638766290e-01
1.991520491067908238e-01
1.991283199792147629e-01
1.991045135309640335e-01
1.990806307075163872e-01
1.990566724500194007e-01
1.990326396952983301e-01
1.990085333758641051e-01
1.989843544199215997e-01
1.989601037513773485e-01
1.989357822898479289e-01
1.989113909506683153e-01
1.988869306448999008e-01
1.988624022793392399e-01
1.988378067565262641e-01
1.988131449747529422e-01
1.987884178280718006e-01
1.987636262063046666e-01
1.987387709950512726e-01
1.987138530756979438e-01
1.986888733254271178e-01
1.986638326172251445e-01
1.986387318198923058e-01
1.986135717980511139e-01
1.985883534121557492e-01
1.985630775185010244e-01
1.985377449692318774e-01
1.985123566123521144e-01
1.984869132917340684e-01
1.984614158471280088e-01
1.984358651141711061e-01
1.984102619243973686e-01
1.983846071052468574e-01
1.983589014800751504e-01
1.983331458681632242e-01
1.983073410847267515e-01
1.982814879409259545e-01
1.982555872438754863e-01
1.982296397966537560e-01
1.982036463983130048e-01
1.981776078438892141e-01
1.981515249244117094e-01
1.981253984269133184e-01
1.980992291344401968e-01
1.980730178260618479e-01
1.980467652768810594e-01
1.980204722580441168e-01
1.979941395367507129e-01
1.979677678762643833e-01
1.979413580359221658e-01
1.979149107711451472e-01
1.978884268334485941e-01
1.978619069704521949e-01
1.978353519258901350e-01
1.978087624396218658e-01
1.977821392476418472e-01
1.977554830820903442e-01
1.977287946712635858e-01
1.977020747396242006e-01
1.976753240078115148e-01
1.976485431926522929e-01
1.976217330071710077e-01
1.975948941606003872e-01
1.975680273583917401e-01
1.975411333022257243e-01
1.975142126900228390e-01
1.974872662159536940e-01
1.974602945704503343e-01
1.974332984402157043e-01
1.974062785082354166e-01
1.973792354537876603e-01
1.973521699524541095e-01
1.973250826761304699e-01
1.972979742930371372e-01
1.972708454677302159e-01
1.972436968611115948e-01
1.972165291304403267e-01
1.971893429293427868e-01
1.971621389078238584e-01
1.971349177122773688e-01
1.971076799854968309e-01
1.970804263666865175e-01
1.970531574914718975e-01
1.970258739919104329e-01
1.969985764965027364e-01
1.969712656302028408e-01
1.969439420144292463e-01
1.969166062670758555e-01
1.968892590025224376e-01
1.968619008316457308e-01
1.968345323618301279e-01
1.968071541969785565e-01
1.967797669375231373e-01
1.967523711804362030e-01
1.967249675192410119e-01
1.966975565440226559e-01
1.966701388414386076e-01
1.966427149947300168e-01
1.966152855837320912e-01
1.965878511848853094e-01
1.965604123712456908e-01
1.965329697124964248e-01
1.965055237749577521e-01
1.964780751215986498e-01
