1.000000000000000000e+00
9.803927924279820516e-01
9.615397301070459646e-01
9.433981257788218722e-01
9.259284541889073461e-01
9.090940646333121045e-01
8.928609243033613918e-01
8.771973886467997472e-01
8.620739954845340058e-01
8.474632800645711672e-01
8.333396086104764011e-01
8.196790282420467477e-01
8.064591314197320226e-01
7.936589332990523493e-01
7.812587605829990345e-01
7.692401506341680628e-01
7.575857597584831904e-01
7.462792797022864688e-01
7.353053615173027469e-01
7.246495460460181670e-01
7.142982003654321232e-01
7.042384596017418064e-01
6.944581735937824796e-01
6.849458579402820657e-01
6.756906490162413181e-01
6.666822625879923470e-01
6.579109556954785276e-01
6.493674915047342733e-01
6.410431068640132235e-01
6.329294823240002588e-01
6.250187144064978106e-01
6.173032899272792307e-01
6.097760621977508233e-01
6.024302289469717353e-01
5.952593118206646050e-01
5.882571373273541848e-01
5.814178191138372753e-01
5.747357414630336336e-01
5.682055439169791944e-01
5.618221069364662812e-01
5.555805385167085220e-01
5.494761616854839659e-01
5.435045028166165526e-01
5.376612806974230274e-01
5.319423962939799910e-01
5.263439231627965453e-01
5.208620984617510219e-01
5.154933145170548237e-01
5.102341109065209324e-01
5.050811670226342809e-01
5.000312950818361912e-01
4.950814335490971718e-01
4.902286409492802588e-01
4.854700900390050977e-01
4.808030623147500071e-01
4.762249428347765101e-01
4.717332153341515233e-01
4.673254576136928184e-01
4.629993371850836814e-01
4.587526071557048724e-01
4.545831023379311997e-01
4.504887355687341444e-01
4.464674942264493795e-01
4.425174369324936241e-01
4.386366904266755240e-01
4.348234466055331815e-01
4.310759597138602017e-01
4.273925436802565314e-01
4.237715695881592026e-01
4.202114632743839118e-01
4.167107030477388285e-01
4.132678175207656346e-01
4.098813835481146528e-01
4.065500242654885299e-01
4.032724072234740720e-01
4.000472426109509261e-01
3.968732815630989230e-01
3.937493145493427549e-01
3.906741698368608184e-01
3.876467120255591148e-01
3.846658406506612282e-01
3.817304888493022741e-01
3.788396220877312537e-01
3.759922369459335334e-01
3.731873599566726263e-01
3.704240464961302548e-01
3.677013797234885972e-01
3.650184695669538848e-01
3.623744517538664556e-01
3.597684868826753757e-01
3.571997595346870225e-01
3.546674774236103223e-01
3.521708705810367990e-01
3.497091905760966735e-01
3.472817097676294540e-01
3.448877205872975527e-01
3.425265348521634445e-01
3.401974831053223292e-01
3.378999139832675747e-01
3.356331936087306733e-01
3.333967050078077143e-01
3.311898475502457195e-01
3.290120364118247487e-01
3.268627020578201980e-01
3.247412897465924431e-01
3.226472590523910555e-01
3.205800834065131721e-01
3.185392496559964481e-01
3.165242576390716600e-01
3.145346197766348273e-01
3.125698606790395795e-01
3.106295167675437452e-01
3.087131359097748384e-01
3.068202770686160874e-01
3.049505099639360228e-01
3.031034147466203366e-01
3.012785816843852049e-01
2.994756108588778609e-01
2.976941118735966230e-01
2.959337035721795184e-01
2.941940137666353983e-01
2.924746789751118126e-01
2.907753441688101237e-01
2.890956625276770997e-01
2.874352952045226561e-01
2.857939110972234631e-01
2.841711866286936727e-01
2.825668055343129037e-01
2.809804586565204376e-01
2.794118437462941862e-01
2.778606652712474201e-01
2.763266342300864098e-01
2.748094679731848955e-01
2.733088900290417400e-01
2.718246299363973884e-01
2.703564230817949721e-01
2.689040105423813887e-01
2.674671389337525684e-01
2.660455602626545235e-01
2.646390317843604345e-01
2.632473158645515787e-01
2.618701798455377316e-01
2.605073959166567255e-01
2.591587409887045612e-01
2.578239965722487481e-01
2.565029486596847597e-01
2.551953876109047670e-01
2.539011080424468658e-01
2.526199087200048377e-01
2.513515924541770419e-01
2.500959659993457485e-01
2.488528399555710036e-01
2.476220286734026332e-01
2.464033501615024713e-01
2.451966259969855511e-01
2.440016812383844214e-01
2.428183443411490727e-01
2.416464470755957938e-01
2.404858244472228845e-01
2.393363146193140945e-01
2.381977588377535981e-01
2.370700013579782883e-01
2.359528893739981092e-01
2.348462729494155965e-01
2.337500049503789534e-01
2.326639409804074354e-01
2.315879393170255096e-01
2.305218608501503896e-01
2.294655690221749367e-01
2.284189297696917476e-01
2.273818114668067769e-01
2.263540848699924501e-01
2.253356230644305291e-01
2.243263014117989063e-01
2.233259974994573072e-01
2.223345910909875212e-01
2.213519640780469699e-01
2.203780004334948972e-01
2.194125861657520438e-01
2.184556092743561995e-01
2.175069597066767169e-01
2.165665293157542914e-01
2.156342118192299817e-01
2.147099027593326881e-01
2.137934994638922837e-01
2.128849010083476989e-01
2.119840081787220110e-01
2.110907234355338113e-01
2.102049508786187904e-01
2.093265962128343927e-01
2.084555667146222036e-01
2.075917711994021142e-01
2.067351199897756453e-01
2.058855248845135599e-01
2.050428991283070879e-01
2.042071573822589192e-01
2.033782156950945941e-01
2.025559914750729162e-01
2.017404034625762121e-01
2.009313717033605617e-01
2.001288175224487098e-01
1.993326634986462842e-01
1.985428334396657224e-01
1.977592523578391992e-01
1.969818464464056229e-01
1.962105430563558517e-01
1.954452706738203926e-01
1.946859588979847899e-01
1.939325384195187962e-01
1.931849409995056721e-01
1.924430994488568747e-01
1.917069476082004231e-01
1.909764203282303119e-01
1.902514534505032884e-01
1.895319837886727532e-01
1.888179491101472374e-01
1.881092881181629095e-01
1.874059404342581503e-01
1.867078465811418120e-01
1.860149479659424787e-01
1.853271868638302622e-01
1.846445064020013072e-01
1.839668505440158752e-01
1.832941640744800427e-01
1.826263925840631297e-01
1.819634824548421181e-01
1.813053808459644811e-01
1.806520356796219307e-01
1.800033956273261460e-01
1.793594100964804317e-01
1.787200292172387295e-01
1.780852038296453499e-01
1.774548854710482626e-01
1.768290263637789794e-01
1.762075794030936449e-01
1.755904981453666469e-01
1.749777367965328623e-01
1.743692502007715972e-01
1.737649938294254792e-01
1.731649237701502753e-01
1.725689967162884753e-01
1.719771699564626444e-01
1.713894013643821324e-01
1.708056493888584493e-01
1.702258730440249779e-01
1.696500318997551937e-01
1.690780860722750079e-01
1.685099962149648745e-01
1.679457235093474998e-01
1.673852296562556574e-01
1.668284768671771945e-01
1.662754278557724286e-01
1.657260458295599370e-01
1.651802944817671870e-01
1.646381379833418701e-01
1.640995409751203615e-01
1.635644685601499448e-01
1.630328862961608616e-01
1.625047601881850490e-01
1.619800566813183740e-01
1.614587426536228110e-01
1.609407854091655654e-01
1.604261526711919794e-01
1.599148125754294991e-01
1.594067336635194843e-01
1.589018848765741954e-01
1.584002355488559055e-01
1.579017554015758329e-01
1.574064145368102297e-01
1.569141834315304629e-01
1.564250329317455057e-01
1.559389342467534523e-01
1.554558589435006133e-01
1.549757789410450282e-01
1.544986665051227281e-01
1.540244942428141972e-01
1.535532350973090043e-01
1.530848623427665811e-01
1.526193495792709243e-01
1.521566707278773078e-01
1.516968000257492011e-01
1.512397120213831159e-01
1.507853815699197186e-01
1.503337838285400130e-01
1.498848942519433458e-01
1.494386885879069315e-01
1.489951428729248128e-01
1.485542334279240095e-01
1.481159368540568011e-01
1.476802300285680325e-01
1.472470901007346122e-01
1.468164944878768696e-01
1.463884208714397173e-01
1.459628471931426474e-01
1.455397516511962863e-01
1.451191126965857836e-01
1.447009090294172073e-01
1.442851195953284704e-01
1.438717235819615137e-01
1.434607004154949406e-01
1.430520297572365762e-01
1.426456915002738968e-01
1.422416657661819683e-01
1.418399329017867305e-01
1.414404734759839299e-01
1.410432682766107615e-01
1.406482983073714665e-01
1.402555447848137238e-01
1.398649891353557495e-01
1.394766129923638021e-01
1.390903981932775368e-01
1.387063267767836006e-01
1.383243809800360491e-01
1.379445432359225066e-01
1.375667961703756215e-01
1.371911225997286821e-01
1.368175055281143915e-01
1.364459281449062755e-01
1.360763738222017794e-01
1.357088261123467199e-01
1.353432687454989569e-01
1.349796856272323653e-01
1.346180608361790265e-01
1.342583786217092789e-01
1.339006234016493768e-01
1.335447797600350650e-01
1.331908324449016523e-01
1.328387663661088625e-01
1.324885665932002132e-01
1.321402183532965624e-01
1.317937070290224888e-01
1.314490181564656746e-01
1.311061374231682897e-01
1.307650506661496848e-01
1.304257438699601146e-01
1.300882031647647430e-01
1.297524148244574294e-01
1.294183652648038252e-01
1.290860410416130311e-01
1.287554288489377308e-01
1.284265155173014983e-01
1.280992880119541932e-01
1.277737334311528916e-01
1.274498390044701002e-01
1.271275920911272839e-01
1.268069801783535122e-01
1.264879908797694463e-01
1.261706119337953624e-01
1.258548312020833504e-01
1.255406366679731323e-01
1.252280164349708902e-01
1.249169587252509095e-01
1.246074518781796203e-01
1.242994843488617746e-01
1.239930447067077307e-01
1.236881216340224854e-01
1.233847039246153826e-01
1.230827804824300986e-01
1.227823403201950964e-01
1.224833725580937172e-01
1.221858664224537427e-01
1.218898112444560533e-01
1.215951964588622286e-01
1.213020116027604955e-01
1.210102463143298418e-01
1.207198903316222538e-01
1.204309334913620244e-01
1.201433657277629491e-01
1.198571770713619117e-01
1.195723576478696093e-01
1.192888976770374865e-01
1.190067874715409479e-01
1.187260174358780174e-01
1.184465780652844968e-01
1.181684599446635869e-01
1.178916537475310222e-01
1.176161502349750282e-01
1.173419402546310719e-01
1.170690147396705183e-01
1.167973647078038024e-01
1.165269812602975491e-01
1.162578555810050429e-01
1.159899789354105620e-01
1.157233426696865630e-01
1.154579382097642715e-01
1.151937570604167904e-01
1.149307908043549070e-01
1.146690311013355834e-01
1.144084696872823270e-01
1.141490983734174403e-01
1.138909090454068018e-01
1.136338936625154589e-01
1.133780442567752927e-01
1.131233529321635234e-01
1.128698118637927739e-01
1.126174132971115432e-01
1.123661495471158095e-01
1.121160129975711239e-01
1.118669961002450031e-01
1.116190913741496732e-01
1.113722914047950985e-01
1.111265888434514598e-01
1.108819764064219032e-01
1.106384468743247113e-01
1.103959930913849669e-01
1.101546079647356680e-01
1.099142844637276822e-01
1.096750156192493331e-01
1.094367945230545480e-01
1.091996143270995701e-01
1.089634682428888834e-01
1.087283495408292583e-01
1.084942515495921911e-01
1.082611676554848940e-01
1.080290913018289584e-01
1.077980159883475120e-01
1.075679352705599806e-01
1.073388427591845939e-01
1.071107321195489542e-01
1.068835970710075162e-01
1.066574313863669632e-01
1.064322288913188003e-01
1.062079834638790937e-01
1.059846890338353859e-01
1.057623395822006457e-01
1.055409291406738392e-01
1.053204517911077026e-01
1.051009016649831207e-01
1.048822729428895706e-01
1.046645598540131145e-01
1.044477566756295966e-01
1.042318577326051543e-01
1.040168573969023486e-01
1.038027500870927350e-01
1.035895302678753044e-01
1.033771924496009187e-01
1.031657311878026589e-01
1.029551410827320435e-01
1.027454167789006306e-01
1.025365529646276724e-01
1.023285443715930415e-01
1.021213857743955705e-01
1.019150719901170260e-01
1.017095978778912030e-01
1.015049583384782517e-01
1.013011483138441943e-01
1.010981627867457294e-01
1.008959967803195468e-01
1.006946453576771788e-01
1.004941036215043215e-01
1.002943667136652200e-01
1.000954298148114680e-01
9.989728814399578827e-02
9.969993695829031111e-02
9.950337155240947251e-02
9.930758725833715994e-02
9.911257944495849292e-02
9.891834351769600298e-02
9.872487491814994909e-02
9.853216912374283820e-02
9.834022164736838656e-02
9.814902803704432521e-02
9.795858387556952152e-02
9.776888478018481987e-02
9.757992640223819847e-02
9.739170442685328444e-02
9.720421457260251807e-02
9.701745259118346731e-02
9.683141426709890309e-02
9.664609541734107967e-02
9.646149189107904032e-02
9.627759956935004471e-02
9.609441436475424370e-02
9.591193222115289296e-02
9.573014911337009158e-02
9.554906104689787905e-02
9.536866405760474619e-02
9.518895421144739355e-02
9.500992760418588978e-02
9.483158036110184153e-02
9.465390863672000499e-02
9.447690861453285349e-02
9.430057650672843406e-02
9.412490855392094402e-02
9.394990102488487427e-02
9.377555021629160881e-02
9.360185245244924401e-02
9.342880408504536383e-02
9.325640149289246561e-02
9.308464108167634199e-02
9.291351928370727986e-02
9.274303255767404885e-02
9.257317738840042942e-02
9.240395028660482180e-02
9.223534778866182560e-02
9.206736645636720562e-02
9.190000287670502255e-02
9.173325366161734495e-02
9.156711544777647316e-02
9.140158489635986927e-02
9.123665869282721053e-02
9.107233354670017655e-02
9.090860619134447096e-02
9.074547338375414662e-02
9.058293190433848452e-02
9.042097855671094031e-02
9.025961016748042243e-02
9.009882358604515140e-02
8.993861568438805965e-02
8.977898335687517495e-02
8.961992352005536400e-02
8.946143311246304575e-02
8.930350909442229257e-02
8.914614844785337389e-02
8.898934817608142311e-02
8.883310530364685320e-02
8.867741687611802037e-02
8.852227995990583076e-02
8.836769164208022054e-02
8.821364903018857895e-02
8.806014925207623911e-02
8.790718945570856480e-02
8.775476680899522985e-02
8.760287849961614914e-02
8.745152173484921354e-02
8.730069374139991234e-02
8.715039176523263487e-02
8.700061307140395661e-02
8.685135494389720212e-02
8.670261468545931161e-02
8.655438961743870674e-02
8.640667707962570998e-02
8.625947443009357452e-02
8.611277904504213709e-02
8.596658831864231742e-02
8.582089966288256044e-02
8.567571050741711047e-02
8.553101829941506251e-02
8.538682050341180052e-02
8.524311460116143491e-02
8.509989809149084983e-02
8.495716849015531869e-02
8.481492332969547965e-02
8.467316015929592099e-02
8.453187654464489054e-02
8.439107006779583697e-02
8.425073832702989485e-02
8.411087893672011817e-02
8.397148952719690751e-02
8.383256774461478322e-02
8.369411125082050484e-02
8.355611772322259212e-02
8.341858485466197015e-02
8.328151035328416885e-02
8.314489194241235503e-02
8.300872736042222422e-02
8.287301436061755844e-02
8.273775071110736623e-02
8.260293419468414666e-02
8.246856260870324973e-02
8.233463376496356900e-02
8.220114548958934453e-02
8.206809562291317306e-02
8.193548201935993425e-02
8.180330254733231277e-02
8.167155508909684780e-02
8.154023754067160623e-02
8.140934781171482726e-02
8.127888382541426093e-02
8.114884351837808873e-02
8.101922484052676010e-02
8.089002575498555059e-02
8.076124423797877150e-02
8.063287827872425706e-02
8.050492587932947530e-02
8.037738505468852712e-02
8.025025383237960330e-02
8.012353025256427341e-02
7.999721236788709389e-02
7.987129824337635409e-02
7.974578595634584932e-02
7.962067359629759755e-02
7.949595926482522223e-02
7.937164107551865355e-02
7.924771715386939863e-02
7.912418563717682485e-02
7.900104467445542844e-02
7.887829242634275539e-02
7.875592706500839091e-02
7.863394677406371214e-02
7.851234974847245973e-02
7.839113419446222530e-02
7.827029832943682708e-02
7.814984038188904636e-02
7.802975859131502934e-02
7.791005120812859175e-02
7.779071649357699458e-02
7.767175271965691408e-02
7.755315816903182724e-02
7.743493113494968882e-02
7.731706992116138544e-02
7.719957284184029989e-02
7.708243822150222246e-02
7.696566439492624756e-02
7.684924970707623926e-02
7.673319251302317123e-02
7.661749117786798013e-02
7.650214407666534877e-02
7.638714959434790563e-02
7.627250612565152077e-02
7.615821207504087920e-02
7.604426585663578986e-02
7.593066589413854928e-02
7.581741062076141624e-02
7.570449847915509956e-02
7.559192792133784256e-02
7.547969740862499333e-02
7.536780541155940760e-02
7.525625040984228187e-02
7.514503089226477750e-02
7.503414535664020002e-02
7.492359230973671957e-02
7.481337026721071592e-02
7.470347775354083120e-02
7.459391330196242509e-02
7.448467545440284887e-02
7.437576276141703857e-02
7.426717378212377429e-02
7.415890708414261956e-02
7.405096124353131859e-02
7.394333484472363771e-02
7.383602648046803940e-02
7.372903475176648125e-02
7.362235826781436676e-02
7.351599564594019087e-02
7.340994551154657322e-02
7.330420649805116651e-02
7.319877724682842535e-02
7.309365640715177748e-02
7.298884263613623913e-02
7.288433459868171038e-02
7.278013096741652033e-02
7.267623042264159672e-02
7.257263165227524626e-02
7.246933335179807367e-02
7.236633422419874728e-02
7.226363297991997281e-02
7.216122833680500837e-02
7.205911902004474845e-02
7.195730376212508550e-02
7.185578130277472941e-02
7.175455038891379034e-02
7.165360977460226433e-02
7.155295822098950431e-02
7.145259449626367720e-02
7.135251737560191487e-02
7.125272564112092311e-02
7.115321808182770158e-02
7.105399349357102712e-02
7.095505067899321450e-02
7.085638844748214094e-02
7.075800561512396447e-02
7.065990100465595336e-02
7.056207344541995385e-02
7.046452177331608002e-02
7.036724483075683378e-02
7.027024146662169679e-02
7.017351053621197210e-02
7.007705090120608382e-02
6.998086142961523759e-02
6.988494099573946960e-02
6.978928848012390385e-02
6.969390276951573093e-02
6.959878275682108983e-02
6.950392734106267123e-02
6.940933542733748740e-02
6.931500592677500294e-02
6.922093775649579284e-02
6.912712983957022828e-02
6.903358110497766209e-02
6.894029048756614153e-02
6.884725692801212105e-02
6.875447937278059141e-02
6.866195677408580555e-02
6.856968808985192121e-02
6.847767228367426795e-02
6.838590832478069759e-02
6.829439518799358677e-02
6.820313185369168696e-02
6.811211730777269602e-02
6.802135054161591310e-02
6.793083055204526821e-02
6.784055634129261547e-02
6.775052691696127616e-02
6.766074129199016463e-02
6.757119848461762279e-02
6.748189751834629546e-02
6.739283742190758930e-02
6.730401722922685348e-02
6.721543597938865744e-02
6.712709271660254051e-02
6.703898649016860889e-02
6.695111635444399301e-02
6.686348136880906901e-02
6.677608059763423531e-02
6.668891311024678636e-02
6.660197798089827204e-02
6.651527428873180159e-02
6.642880111774993046e-02
6.634255755678249156e-02
6.625654269945502328e-02
6.617075564415707267e-02
6.608519549401109527e-02
6.599986135684131339e-02
6.591475234514304615e-02
6.582986757605206740e-02
6.574520617131443534e-02
6.566076725725639163e-02
6.557654996475451026e-02
6.549255342920612399e-02
6.540877679049998672e-02
6.532521919298718560e-02
6.524187978545213651e-02
6.515875772108399577e-02
6.507585215744815521e-02
6.499316225645811185e-02
6.491068718434726825e-02
6.482842611164124635e-02
6.474637821313035391e-02
6.466454266784206484e-02
6.458291865901408246e-02
6.450150537406704188e-02
6.442030200457815603e-02
6.433930774625438997e-02
6.425852179890623184e-02
6.417794336642157482e-02
6.409757165673966861e-02
6.401740588182555647e-02
6.393744525764437359e-02
6.385768900413606175e-02
6.377813634519025054e-02
6.369878650862119407e-02
6.361963872614305460e-02
6.354069223334535277e-02
6.346194626966848717e-02
6.338340007837954537e-02
6.330505290654825368e-02
6.322690400502316288e-02
6.314895262840795886e-02
6.307119803503787037e-02
6.299363948695649307e-02
6.291627624989258594e-02
6.283910759323702022e-02
6.276213279002007539e-02
6.268535111688877670e-02
6.260876185408438543e-02
6.253236428542022218e-02
6.245615769825937913e-02
6.238014138349283477e-02
6.230431463551770049e-02
6.222867675221544631e-02
6.215322703493055684e-02
6.207796478844910398e-02
6.200288932097764577e-02
6.192799994412217374e-02
6.185329597286728931e-02
6.177877672555547733e-02
6.170444152386656000e-02
6.163028969279736591e-02
6.155632056064132968e-02
6.148253345896849409e-02
6.140892772260560933e-02
6.133550268961619756e-02
6.126225770128093662e-02
6.118919210207817566e-02
6.111630523966450623e-02
6.104359646485555541e-02
6.097106513160687608e-02
6.089871059699496908e-02
6.082653222119847880e-02
6.075452936747953447e-02
6.068270140216512620e-02
6.061104769462873076e-02
6.053956761727202762e-02
6.046826054550673291e-02
6.039712585773660686e-02
6.032616293533944740e-02
6.025537116264950699e-02
6.018474992693968739e-02
6.011429861840414390e-02
6.004401663014077850e-02
5.997390335813410078e-02
5.990395820123797788e-02
5.983418056115876599e-02
5.976456984243812276e-02
5.969512545243665230e-02
5.962584680131685633e-02
5.955673330202680693e-02
5.948778437028363203e-02
5.941899942455726447e-02
5.935037788605424663e-02
5.928191917870158367e-02
5.921362272913083258e-02
5.914548796666228847e-02
5.907751432328915697e-02
5.900970123366198333e-02
5.894204813507306073e-02
5.887455446744108839e-02
5.880721967329591293e-02
5.874004319776317262e-02
5.867302448854933017e-02
5.860616299592664308e-02
5.853945817271829360e-02
5.847290947428358809e-02
5.840651635850330203e-02
5.834027828576509450e-02
5.827419471894902669e-02
5.820826512341324005e-02
5.814248896697961355e-02
5.807686571991961533e-02
5.801139485494022363e-02
5.794607584716992416e-02
5.788090817414487388e-02
5.781589131579507879e-02
5.775102475443072425e-02
5.768630797472853317e-02
5.762174046371828368e-02
5.755732171076936854e-02
5.749305120757752796e-02
5.742892844815156161e-02
5.736495292880024188e-02
5.730112414811916466e-02
5.723744160697791239e-02
5.717390480850703671e-02
5.711051325808540191e-02
5.704726646332744511e-02
5.698416393407046421e-02
5.692120518236222504e-02
5.685838972244842970e-02
5.679571707076036535e-02
5.673318674590267785e-02
5.667079826864112463e-02
5.660855116189046632e-02
5.654644495070240001e-02
5.648447916225372845e-02
5.642265332583436266e-02
5.636096697283558138e-02
5.629941963673831817e-02
5.623801085310151104e-02
5.617674015955057693e-02
5.611560709576586536e-02
5.605461120347134119e-02
5.599375202642320470e-02
5.593302911039860215e-02
5.587244200318457893e-02
5.581199025456681784e-02
5.575167341631870332e-02
5.569149104219035806e-02
5.563144268789771418e-02
5.557152791111177881e-02
5.551174627144773999e-02
5.545209733045451672e-02
5.539258065160392042e-02
5.533319580028037143e-02
5.527394234377018545e-02
5.521481985125137326e-02
5.515582789378321860e-02
5.509696604429605016e-02
5.503823387758099983e-02
5.497963097028005230e-02
5.492115690087569224e-02
5.486281124968117595e-02
5.480459359883049775e-02
5.474650353226852978e-02
5.468854063574122432e-02
5.463070449678584378e-02
5.457299470472137815e-02
5.451541085063887904e-02
5.445795252739188408e-02
5.440061932958696611e-02
5.434341085357434487e-02
5.428632669743842232e-02
5.422936646098860947e-02
5.417252974574995189e-02
5.411581615495401898e-02
5.405922529352977235e-02
5.400275676809450365e-02
5.394641018694477930e-02
5.389018516004755177e-02
5.383408129903122230e-02
5.377809821717680072e-02
5.372223552940920410e-02
5.366649285228834720e-02
5.361086980400070479e-02
5.355536600435058942e-02
5.349998107475144316e-02
5.344471463821765661e-02
5.338956631935584674e-02
5.333453574435651628e-02
5.327962254098580347e-02
5.322482633857709977e-02
5.317014676802284123e-02
5.311558346176633444e-02
5.306113605379355475e-02
5.300680417962513186e-02
5.295258747630830765e-02
5.289848558240890092e-02
5.284449813800343176e-02
5.279062478467122510e-02
5.273686516548649339e-02
5.268321892501071080e-02
5.262968570928472367e-02
5.257626516582112469e-02
5.252295694359664785e-02
5.246976069304447321e-02
5.241667606604682311e-02
5.236370271592728776e-02
5.231084029744354630e-02
5.225808846677983815e-02
5.220544688153964941e-02
5.215291520073836451e-02
5.210049308479608454e-02
5.204818019553030667e-02
5.199597619614874933e-02
5.194388075124227455e-02
5.189189352677774092e-02
5.184001419009098832e-02
5.178824240987982275e-02
5.173657785619701494e-02
5.168502020044347944e-02
5.163356911536128024e-02
5.158222427502685142e-02
5.153098535484422482e-02
5.147985203153820910e-02
5.142882398314775616e-02
5.137790088901925123e-02
5.132708242979985153e-02
5.127636828743097758e-02
5.122575814514167269e-02
5.117525168744218450e-02
5.112484860011741461e-02
5.107454857022052097e-02
5.102435128606653408e-02
5.097425643722598015e-02
5.092426371451858058e-02
5.087437281000702083e-02
5.082458341699056664e-02
5.077489522999906885e-02
5.072530794478660732e-02
5.067582125832544721e-02
5.062643486880000904e-02
5.057714847560070004e-02
5.052796177931794669e-02
5.047887448173622033e-02
5.042988628582809052e-02
5.038099689574829926e-02
5.033220601682786288e-02
5.028351335556834056e-02
5.023491861963587379e-02
5.018642151785551730e-02
5.013802176020545204e-02
5.008971905781136463e-02
5.004151312294065346e-02
4.999340366899687055e-02
4.994539041051415662e-02
4.989747306315155118e-02
4.984965134368755935e-02
4.980192497001464241e-02
4.975429366113369445e-02
4.970675713714858834e-02
4.965931511926090919e-02
4.961196732976436152e-02
4.956471349203963456e-02
4.951755333054897595e-02
4.947048657083091827e-02
4.942351293949505397e-02
4.937663216421676882e-02
4.932984397373218338e-02
4.928314809783281708e-02
4.923654426736052969e-02
4.919003221420254618e-02
4.914361167128616925e-02
4.909728237257386663e-02
4.905104405305830972e-02
4.900489644875724582e-02
4.895883929670866164e-02
4.891287233496582898e-02
4.886699530259236424e-02
4.882120793965746136e-02
4.877550998723090281e-02
4.872990118737845211e-02
4.868438128315685787e-02
4.863895001860923939e-02
4.859360713876034743e-02
4.854835238961172084e-02
4.850318551813727341e-02
4.845810627227836037e-02
4.841311440093938601e-02
4.836820965398305749e-02
4.832339178222591625e-02
4.827866053743373048e-02
4.823401567231701964e-02
4.818945694052653717e-02
4.814498409664883655e-02
4.810059689620174717e-02
4.805629509563014157e-02
4.801207845230134191e-02
4.796794672450085950e-02
4.792389967142809265e-02
4.787993705319187887e-02
4.783605863080635234e-02
4.779226416618660017e-02
4.774855342214440190e-02
4.770492616238408701e-02
4.766138215149824664e-02
4.761792115496366745e-02
4.757454293913709192e-02
4.753124727125113136e-02
4.748803391941023438e-02
4.744490265258641259e-02
4.740185324061542416e-02
4.735888545419259660e-02
4.731599906486887164e-02
4.727319384504675981e-02
4.723046956797643386e-02
4.718782600775181524e-02
4.714526293930654255e-02
4.710278013841016909e-02
4.706037738166424234e-02
4.701805444649849453e-02
4.697581111116690133e-02
4.693364715474401122e-02
4.689156235712104576e-02
4.684955649900222202e-02
4.680762936190087375e-02
4.676578072813582232e-02
4.672401038082770602e-02
4.668231810389512904e-02
4.664070368205117112e-02
4.659916690079963369e-02
4.655770754643143161e-02
4.651632540602102656e-02
4.647502026742279108e-02
4.643379191926746280e-02
4.639264015095859173e-02
4.635156475266899445e-02
4.631056551533731941e-02
4.626964223066441784e-02
4.622879469111002004e-02
4.618802268988921045e-02
4.614732602096893038e-02
4.610670447906474456e-02
4.606615785963728144e-02
4.602568595888884700e-02
4.598528857376024681e-02
4.594496550192724710e-02
4.590471654179734823e-02
4.586454149250644013e-02
4.582444015391558267e-02
4.578441232660764720e-02
4.574445781188413163e-02
4.570457641176189911e-02
4.566476792896995845e-02
4.562503216694627911e-02
4.558536892983460626e-02
4.554577802248126889e-02
4.550625925043206427e-02
4.546681241992914235e-02
4.542743733790782779e-02
4.538813381199356678e-02
4.534890165049887401e-02
4.530974066242019621e-02
4.527065065743489380e-02
4.523163144589831264e-02
4.519268283884055049e-02
4.515380464796365373e-02
4.511499668563852261e-02
4.507625876490202466e-02
4.503759069945394850e-02
4.499899230365415198e-02
4.496046339251962703e-02
4.492200378172152286e-02
4.488361328758237040e-02
4.484529172707309164e-02
4.480703891781025183e-02
4.476885467805311047e-02
4.473073882670087348e-02
4.469269118328984131e-02
4.465471156799059177e-02
4.461679980160525999e-02
4.457895570556472814e-02
4.454117910192582214e-02
4.450346981336867486e-02
4.446582766319388813e-02
4.442825247531995148e-02
4.439074407428041102e-02
4.435330228522125356e-02
4.431592693389824200e-02
4.427861784667422307e-02
4.424137485051654606e-02
4.420419777299436359e-02
4.416708644227605035e-02
4.413004068712662181e-02
4.409306033690513910e-02
4.405614522156205831e-02
4.401929517163679501e-02
4.398251001825509432e-02
4.394578959312654687e-02
4.390913372854200053e-02
4.387254225737111102e-02
4.383601501305985082e-02
4.379955182962794180e-02
4.376315254166653068e-02
4.372681698433559389e-02
4.369054499336157832e-02
4.365433640503493806e-02
4.361819105620771270e-02
4.358210878429114726e-02
4.354608942725326365e-02
4.351013282361652218e-02
4.347423881245537219e-02
4.343840723339402465e-02
4.340263792660396802e-02
4.336693073280175476e-02
4.333128549324656575e-02
4.329570204973801073e-02
4.326018024461374123e-02
4.322471992074723018e-02
4.318932092154544738e-02
4.315398309094665291e-02
4.311870627341806567e-02
4.308349031395374007e-02
4.304833505807219296e-02
4.301324035181432887e-02
4.297820604174113629e-02
4.294323197493151584e-02
4.290831799898012916e-02
4.287346396199517157e-02
4.283866971259628342e-02
4.280393509991231582e-02
4.276925997357927667e-02
4.273464418373815188e-02
4.270008758103275431e-02
4.266559001660769068e-02
4.263115134210621743e-02
4.259677140966817294e-02
4.256245007192789587e-02
4.252818718201215736e-02
4.249398259353810714e-02
4.245983616061120569e-02
4.242574773782326059e-02
4.239171718025031704e-02
4.235774434345070810e-02
4.232382908346297296e-02
4.228997125680396957e-02
4.225617072046679301e-02
4.222242733191886033e-02
4.218874094909993294e-02
4.215511143042013215e-02
4.212153863475803783e-02
4.208802242145868316e-02
4.205456265033176433e-02
4.202115918164954500e-02
4.198781187614510774e-02
4.195452059501036252e-02
4.192128519989415936e-02
4.188810555290049115e-02
4.185498151658651605e-02
4.182191295396076730e-02
4.178889972848131434e-02
4.175594170405382694e-02
4.172303874502985427e-02
4.169019071620495148e-02
4.165739748281681309e-02
4.162465891054359379e-02
4.159197486550195166e-02
4.155934521424540368e-02
4.152676982376247300e-02
4.149424856147490570e-02
4.146178129523596378e-02
4.142936789332861414e-02
4.139700822446384237e-02
4.136470215777880710e-02
4.133244956283529947e-02
4.130025030961777949e-02
4.126810426853190494e-02
4.123601131040267181e-02
4.120397130647276279e-02
4.117198412840084032e-02
4.114004964825995758e-02
4.110816773853575440e-02
4.107633827212489597e-02
4.104456112233336590e-02
4.101283616287483558e-02
4.098116326786903352e-02
4.094954231184012861e-02
4.091797316971503701e-02
4.088645571682188867e-02
4.085498982888841057e-02
4.082357538204023362e-02
4.079221225279944935e-02
4.076090031808289604e-02
4.072963945520066686e-02
4.069842954185445838e-02
4.066727045613612035e-02
4.063616207652599038e-02
4.060510428189143678e-02
4.057409695148521400e-02
4.054313996494408878e-02
4.051223320228714703e-02
4.048137654391438522e-02
4.045056987060514919e-02
4.041981306351664222e-02
4.038910600418248176e-02
4.035844857451111739e-02
4.032784065678439445e-02
4.029728213365611766e-02
4.026677288815050382e-02
4.023631280366078700e-02
4.020590176394775450e-02
4.017553965313824804e-02
4.014522635572379677e-02
4.011496175655912544e-02
4.008474574086077352e-02
4.005457819420564503e-02
4.002445900252959987e-02
3.999438805212602449e-02
3.996436522964451343e-02
3.993439042208939138e-02
3.990446351681832537e-02
3.987458440154104805e-02
3.984475296431783803e-02
3.981496909355829172e-02
3.978523267801981067e-02
3.975554360680641497e-02
3.972590176936728612e-02
3.969630705549540700e-02
3.966675935532631980e-02
3.963725855933671743e-02
3.960780455834318758e-02
3.957839724350083188e-02
3.954903650630193362e-02
3.951972223857478511e-02
3.949045433248225823e-02
3.946123268052051380e-02
3.943205717551782896e-02
3.940292771063323013e-02
3.937384417935520242e-02
3.934480647550044063e-02
3.931581449321264188e-02
3.928686812696115249e-02
3.925796727153978843e-02
3.922911182206556546e-02
3.920030167397745013e-02
3.917153672303513856e-02
3.914281686531782822e-02
3.911414199722297591e-02
3.908551201546511811e-02
3.905692681707459424e-02
3.902838629939643644e-02
3.899989036008903731e-02
3.897143889712311599e-02
3.894303180878037202e-02
3.891466899365240983e-02
3.888635035063951056e-02
3.885807577894945242e-02
3.882984517809639352e-02
3.880165844789965068e-02
3.877351548848256141e-02
3.874541620027135286e-02
3.871736048399394142e-02
3.868934824067887801e-02
3.866137937165409905e-02
3.863345377854591339e-02
3.860557136327777417e-02
3.857773202806925178e-02
3.854993567543478494e-02
3.852218220818272310e-02
3.849447152941411210e-02
3.846680354252163953e-02
3.843917815118854525e-02
3.841159525938745573e-02
3.838405477137940558e-02
3.835655659171267190e-02
3.832910062522176114e-02
3.830168677702629892e-02
3.827431495252996141e-02
3.824698505741937898e-02
3.821969699766320644e-02
3.819245067951093642e-02
3.816524600949186552e-02
3.813808289441417837e-02
3.811096124136374719e-02
3.808388095770313952e-02
3.805684195107070233e-02
3.802984412937938236e-02
3.800288740081581018e-02
3.797597167383921085e-02
3.794909685718046710e-02
3.792226285984105771e-02
3.789546959109206525e-02
3.786871696047321156e-02
3.784200487779180999e-02
3.781533325312182170e-02
3.778870199680284259e-02
3.776211101943915266e-02
3.773556023189870989e-02
3.770904954531218572e-02
3.768257887107201443e-02
3.765614812083142859e-02
3.762975720650345302e-02
3.760340604026002342e-02
3.757709453453096649e-02
3.755082260200314631e-02
3.752459015561938893e-02
3.749839710857769126e-02
3.747224337433013863e-02
3.744612886658213458e-02
3.742005349929131142e-02
3.739401718666676699e-02
3.736801984316799607e-02
3.734206138350410625e-02
3.731614172263283263e-02
3.729026077575964271e-02
3.726441845833688288e-02
3.723861468606276537e-02
3.721284937488064659e-02
3.718712244097797937e-02
3.716143380078550107e-02
3.713578337097638016e-02
3.711017106846522390e-02
3.708459681040734979e-02
3.705906051419780023e-02
3.703356209747054456e-02
3.700810147809757700e-02
3.698267857418808396e-02
3.695729330408754898e-02
3.693194558637695468e-02
3.690663533987189465e-02
3.688136248362174074e-02
3.685612693690880348e-02
3.683092861924750633e-02
3.680576745038351139e-02
3.678064335029294918e-02
3.675555623918155823e-02
3.673050603748383852e-02
3.670549266586226045e-02
3.668051604520646686e-02
3.665557609663245425e-02
3.663067274148169156e-02
3.660580590132042622e-02
3.658097549793880993e-02
3.655618145335012142e-02
3.653142368978995469e-02
3.650670212971547646e-02
3.648201669580456580e-02
3.645736731095507166e-02
3.643275389828405653e-02
3.640817638112694293e-02
3.638363468303681264e-02
3.635912872778359478e-02
3.633465843935330952e-02
3.631022374194731867e-02
3.628582455998149298e-02
3.626146081808555299e-02
3.623713244110227105e-02
3.621283935408669413e-02
3.618858148230538058e-02
3.616435875123578947e-02
3.614017108656533001e-02
3.611601841419079945e-02
3.609190066021754351e-02
3.606781775095875553e-02
3.604376961293477566e-02
3.601975617287230674e-02
3.599577735770371351e-02
3.597183309456634254e-02
3.594792331080170350e-02
3.592404793395490709e-02
3.590020689177378377e-02
3.587640011220828706e-02
3.585262752340975800e-02
3.582888905373020350e-02
3.580518463172164406e-02
3.578151418613535056e-02
3.575787764592118501e-02
3.573427494022694134e-02
3.571070599839758913e-02
3.568717074997462130e-02
3.566366912469540879e-02
3.564020105249242343e-02
3.561676646349268283e-02
3.559336528801698013e-02
3.556999745657925954e-02
3.554666289988590855e-02
3.552336154883514729e-02
3.550009333451633470e-02
3.547685818820928150e-02
3.545365604138366739e-02
3.543048682569829855e-02
3.540735047300049010e-02
3.538424691532546240e-02
3.536117608489560554e-02
3.533813791411993810e-02
3.531513233559336468e-02
3.529215928209609304e-02
3.526921868659300269e-02
3.524631048223301338e-02
3.522343460234837742e-02
3.520059098045418000e-02
3.517777955024755515e-02
3.515500024560724163e-02
3.513225300059283351e-02
3.510953774944421124e-02
3.508685442658088238e-02
3.506420296660144736e-02
3.504158330428289170e-02
3.501899537458009332e-02
3.499643911262509399e-02
3.497391445372658586e-02
3.495142133336923834e-02
3.492895968721322630e-02
3.490652945109343902e-02
3.488413056101909854e-02
3.486176295317298252e-02
3.483942656391096626e-02
3.481712132976140517e-02
3.479484718742447552e-02
3.477260407377168877e-02
3.475039192584530173e-02
3.472821068085767821e-02
3.470606027619073386e-02
3.468394064939545052e-02
3.466185173819114756e-02
3.463979348046511419e-02
3.461776581427181143e-02
3.459576867783253212e-02
3.457380200953467236e-02
3.455186574793129434e-02
3.452995983174046712e-02
3.450808419984481568e-02
3.448623879129084774e-02
3.446442354528856528e-02
3.444263840121071507e-02
3.442088329859244178e-02
3.439915817713061486e-02
3.437746297668332895e-02
3.435579763726939739e-02
3.433416209906775540e-02
3.431255630241696053e-02
3.429098018781465834e-02
3.426943369591704119e-02
3.424791676753834169e-02
3.422642934365028450e-02
3.420497136538157984e-02
3.418354277401738917e-02
3.416214351099881169e-02
3.414077351792235010e-02
3.411943273653943870e-02
3.409812110875588137e-02
3.407683857663137972e-02
3.405558508237899185e-02
3.403436056836463969e-02
3.401316497710660941e-02
3.399199825127503793e-02
3.397086033369142721e-02
3.394975116732811687e-02
3.392867069530779850e-02
3.390761886090304378e-02
3.388659560753580491e-02
3.386560087877687336e-02
3.384463461834544967e-02
3.382369677010865078e-02
3.380278727808097572e-02
3.378190608642388931e-02
3.376105313944526010e-02
3.374022838159898563e-02
3.371943175748440269e-02
3.369866321184587787e-02
3.367792268957234270e-02
3.365721013569678011e-02
3.363652549539576653e-02
3.361586871398900694e-02
3.359523973693889776e-02
3.357463850984999942e-02
3.355406497846862013e-02
3.353351908868233699e-02
3.351300078651957282e-02
3.349251001814904094e-02
3.347204672987943302e-02
3.345161086815882229e-02
3.343120237957428881e-02
3.341082121085149625e-02
3.339046730885417147e-02
3.337014062058366731e-02
3.334984109317858103e-02
3.332956867391424077e-02
3.330932331020228926e-02
3.328910494959025357e-02
3.326891353976112187e-02
3.324874902853282299e-02
