2.326019746733907481e-05
4.135610318729593393e-01
4.750568770033425925e-01
5.151857728234569000e-01
5.456970531437728145e-01
5.706024224996262273e-01
5.917930497601935347e-01
6.103222715194569492e-01
6.268413072729770441e-01
6.417828568559216240e-01
6.554500640826452784e-01
6.680641196122342196e-01
6.797917027582069949e-01
6.907617494139262071e-01
7.010761893124595190e-01
7.108170919273542054e-01
7.200515785086641918e-01
7.288352927608832132e-01
7.372149119356945501e-01
7.452300015509440989e-01
7.529144103944400701e-01
7.602973367682145378e-01
7.674041552311179348e-01
7.742570659511389675e-01
7.808756106989818147e-01
7.872770872243601836e-01
7.934768852466553835e-01
7.994887613002576998e-01
8.053250653908139434e-01
8.109969293131229495e-01
8.165144242007273956e-01
8.218866931822159660e-01
8.271220637459162361e-01
8.322281434479628093e-01
8.372119018582051542e-01
8.420797410657899773e-01
8.468375566198136362e-01
8.514907904301978192e-01
8.560444768760036016e-01
8.605032831478678368e-01
8.648715446736550128e-01
8.691532963334572814e-01
8.733523000542782189e-01
8.774720692796055266e-01
8.815158907318731973e-01
8.854868438214282822e-01
8.893878180029002323e-01
8.932215283354969504e-01
8.969905294672321228e-01
9.006972282318422840e-01
9.043438950214814920e-01
9.079326740759652292e-01
9.114655928109989258e-01
9.149445702916956247e-01
9.183714249442245237e-01
9.217478815869741826e-01
9.250755778523065409e-01
9.283560700617234929e-01
9.315908386096304339e-01
9.347812929045005159e-01
9.379287759107245437e-01
9.410345683294190078e-01
9.440998924523676950e-01
9.471259157194470424e-01
9.501137540066905141e-01
9.530644746692367164e-01
9.559790993609098564e-01
9.588586066499564797e-01
9.617039344484623609e-01
9.645159822712591202e-01
9.672956133385995914e-01
9.700436565354186857e-01
9.727609082388981587e-01
9.754481340247982413e-01
9.781060702622907943e-01
9.807354256057705388e-01
9.833368823917635337e-01
9.859110979480292247e-01
9.884587058215068556e-01
9.909803169310276161e-01
9.934765206503701762e-01
9.959478858266135326e-01
9.983949617384914044e-01
1.000818278998860666e+00
1.003218350405226333e+00
1.005595671741954300e+00
1.007950722537327426e+00
1.010283966778534825e+00
1.012595853587445749e+00
1.014886817859653068e+00
1.017157280869195546e+00
1.019407650841174462e+00
1.021638323494334255e+00
1.023849682555375118e+00
1.026042100246923994e+00
1.028215937750617259e+00
1.030371545646929787e+00
1.032509264333064447e+00
1.034629424420310695e+00
1.036732347111908314e+00
1.038818344562790097e+00
1.040887720222024138e+00
1.042940769159121261e+00
1.044977778374967858e+00
1.046999027098395540e+00
1.049004787069077516e+00
1.050995322807535715e+00
1.052970891873002302e+00
1.054931745109714214e+00
1.056878126882314417e+00
1.058810275300957393e+00
1.060728422436567620e+00
1.062632794526876090e+00
1.064523612173618128e+00
1.066401090531415408e+00
1.068265439488711888e+00
1.070116863841188426e+00
1.071955563458034666e+00
1.073781733441403263e+00
1.075595564279418603e+00
1.077397241993033772e+00
1.079186948277008451e+00
1.080964860635349023e+00
1.082731152511400952e+00
1.084485993412911631e+00
1.086229549032241781e+00
1.087961981361990293e+00
1.089683448806227029e+00
1.091394106287543408e+00
1.093094105350056910e+00
1.094783594258659676e+00
1.096462718094581179e+00
1.098131618847424829e+00
1.099790435503940511e+00
1.101439304133555730e+00
1.103078357970850520e+00
1.104707727495123359e+00
1.106327540507175522e+00
1.107937922203345860e+00
1.109538995247071558e+00
1.111130879837895602e+00
1.112713693778188739e+00
1.114287552537544856e+00
1.115852569315045173e+00
1.117408855099433884e+00
1.118956518727278748e+00
1.120495666939210544e+00
1.122026404434348645e+00
1.123548833922908496e+00
1.125063056177152410e+00
1.126569170080666371e+00
1.128067272676092747e+00
1.129557459211328663e+00
1.131039823184280646e+00
1.132514456386223056e+00
1.133981448943778281e+00
1.135440889359663696e+00
1.136892864552104365e+00
1.138337459893111525e+00
1.139774759245585578e+00
1.141204844999260892e+00
1.142627798105629644e+00
1.144043698111808283e+00
1.145452623193389030e+00
1.146854650186334368e+00
1.148249854617952259e+00
1.149638310736947666e+00
1.151020091542645618e+00
1.152395268813320328e+00
1.153763913133781793e+00
1.155126093922124175e+00
1.156481879455761641e+00
1.157831336896700591e+00
1.159174532316145090e+00
1.160511530718383533e+00
1.161842396064046934e+00
1.163167191292722391e+00
1.164485978344933059e+00
1.165798818183563679e+00
1.167105770814653720e+00
1.168406895307700477e+00
1.169702249815355533e+00
1.170991891592650935e+00
1.172275877015688916e+00
1.173554261599870419e+00
1.174827100017597603e+00
1.176094446115596881e+00
1.177356352931715033e+00
1.178612872711345183e+00
1.179864056923393356e+00
1.181109956275866901e+00
1.182350620731069668e+00
1.183586099520378632e+00
1.184816441158716316e+00
1.186041693458594892e+00
1.187261903543877395e+00
1.188477117863138810e+00
1.189687382202759380e+00
1.190892741699663748e+00
1.192093240853742131e+00
1.193288923540017699e+00
1.194479833020476889e+00
1.195666011955656582e+00
1.196847502415898212e+00
1.198024345892424680e+00
1.199196583308061337e+00
1.200364255027779770e+00
1.201527400868958040e+00
1.202686060111421984e+00
1.203840271507224724e+00
1.204990073290260533e+00
1.206135503185586266e+00
1.207276598418592473e+00
1.208413395723939576e+00
1.209545931354279791e+00
1.210674241088820935e+00
1.211798360241677752e+00
1.212918323670014509e+00
1.214034165782063468e+00
1.215145920544913771e+00
1.216253621492169534e+00
1.217357301731402774e+00
1.218456993951485767e+00
1.219552730429740439e+00
1.220644543038924557e+00
1.221732463254102008e+00
1.222816522159336783e+00
1.223896750454255278e+00
1.224973178460482703e+00
1.226045836127907851e+00
1.227114753040867701e+00
1.228179958424162166e+00
1.229241481148961590e+00
1.230299349738583903e+00
1.231353592374163863e+00
1.232404236900207506e+00
1.233451310830003811e+00
1.234494841350977090e+00
1.235534855329876169e+00
1.236571379317910058e+00
1.237604439555742619e+00
1.238634061978392653e+00
1.239660272220071136e+00
1.240683095618878351e+00
1.241702557221427750e+00
1.242718681787378987e+00
1.243731493793892362e+00
1.244741017439977337e+00
1.245747276650739588e+00
1.246750295081630711e+00
1.247750096122502095e+00
1.248746702901665007e+00
1.249740138289830771e+00
1.250730424903983895e+00
1.251717585111210118e+00
1.252701641032408553e+00
1.253682614545957419e+00
1.254660527291323380e+00
1.255635400672565849e+00
1.256607255861818873e+00
1.257576113802671758e+00
1.258541995213516618e+00
1.259504920590822863e+00
1.260464910212345524e+00
1.261421984140268515e+00
1.262376162224331244e+00
1.263327464104851305e+00
1.264275909215708538e+00
1.265221516787297329e+00
1.266164305849379002e+00
1.267104295233944633e+00
1.268041503577973295e+00
1.268975949326165420e+00
1.269907650733626436e+00
1.270836625868509318e+00
1.271762892614586082e+00
1.272686468673817739e+00
1.273607371568826752e+00
1.274525618645369951e+00
1.275441227074756601e+00
1.276354213856198516e+00
1.277264595819171289e+00
1.278172389625678917e+00
1.279077611772530876e+00
1.279980278593547904e+00
1.280880406261728055e+00
1.281778010791410516e+00
1.282673108040352616e+00
1.283565713711842360e+00
1.284455843356683946e+00
1.285343512375233477e+00
1.286228736019360053e+00
1.287111529394376674e+00
1.287991907460954710e+00
1.288869885036975305e+00
1.289745476799407875e+00
1.290618697286082694e+00
1.291489560897518096e+00
1.292358081898631772e+00
1.293224274420496478e+00
1.294088152462035568e+00
1.294949729891679890e+00
1.295809020449020021e+00
1.296666037746439848e+00
1.297520795270680871e+00
1.298373306384451364e+00
1.299223584327920733e+00
1.300071642220279600e+00
1.300917493061211294e+00
1.301761149732383993e+00
1.302602624998875136e+00
1.303441931510624263e+00
1.304279081803817686e+00
1.305114088302288256e+00
1.305946963318868725e+00
1.306777719056732012e+00
1.307606367610721243e+00
1.308432920968644275e+00
1.309257391012543126e+00
1.310079789519990490e+00
1.310900128165294776e+00
1.311718418520745111e+00
1.312534672057819929e+00
1.313348900148360254e+00
1.314161114065758307e+00
1.314971324986093926e+00
1.315779543989284761e+00
1.316585782060194276e+00
1.317390050089742637e+00
1.318192358875995618e+00
1.318992719125222646e+00
1.319791141452978156e+00
1.320587636385107899e+00
1.321382214358794105e+00
1.322174885723572668e+00
1.322965660742318583e+00
1.323754549592226937e+00
1.324541562365784131e+00
1.325326709071717346e+00
1.326109999635946224e+00
1.326891443902494583e+00
1.327671051634423227e+00
1.328448832514715239e+00
1.329224796147158383e+00
1.329998952057257711e+00
1.330771309693059123e+00
1.331541878426010239e+00
1.332310667551833028e+00
1.333077686291293862e+00
1.333842943791085034e+00
1.334606449124584149e+00
1.335368211292657925e+00
1.336128239224469105e+00
1.336886541778219639e+00
1.337643127741936722e+00
1.338398005834209314e+00
1.339151184704945763e+00
1.339902672936083450e+00
1.340652479042338197e+00
1.341400611471904147e+00
1.342147078607144994e+00
1.342891888765322506e+00
1.343635050199230019e+00
1.344376571097920969e+00
1.345116459587341051e+00
1.345854723731009006e+00
1.346591371530632575e+00
1.347326410926787066e+00
1.348059849799530197e+00
1.348791695969018711e+00
1.349521957196150534e+00
1.350250641183138534e+00
1.350977755574135797e+00
1.351703307955817390e+00
1.352427305857969220e+00
1.353149756754071120e+00
1.353870668061849969e+00
1.354590047143860332e+00
1.355307901308028917e+00
1.356024237808205246e+00
1.356739063844712323e+00
1.357452386564861557e+00
1.358164213063500991e+00
1.358874550383532886e+00
1.359583405516416654e+00
1.360290785402686442e+00
1.360996696932457173e+00
1.361701146945912821e+00
1.362404142233785809e+00
1.363105689537879250e+00
1.363805795551498168e+00
1.364504466919953751e+00
1.365201710241005673e+00
1.365897532065347475e+00
1.366591938897042668e+00
1.367284937193975480e+00
1.367976533368313152e+00
1.368666733786911172e+00
1.369355544771777122e+00
1.370042972600486353e+00
1.370729023506597866e+00
1.371413703680092855e+00
1.372097019267755957e+00
1.372778976373616011e+00
1.373459581059325307e+00
1.374138839344569041e+00
1.374816757207453666e+00
1.375493340584900359e+00
1.376168595373027159e+00
1.376842527427524221e+00
1.377515142564035955e+00
1.378186446558525180e+00
1.378856445147652598e+00
1.379525144029119410e+00
1.380192548862041235e+00
1.380858665267288510e+00
1.381523498827857299e+00
1.382187055089187488e+00
1.382849339559533597e+00
1.383510357710280747e+00
1.384170114976278843e+00
1.384828616756192954e+00
1.385485868412801747e+00
1.386141875273357194e+00
1.386796642629858356e+00
1.387450175739393998e+00
1.388102479824470104e+00
1.388753560073271665e+00
1.389403421640016845e+00
1.390052069645219657e+00
1.390699509176015258e+00
1.391345745286437285e+00
1.391990782997721166e+00
1.392634627298578787e+00
1.393277283145506473e+00
1.393918755463041670e+00
1.394559049144052487e+00
1.395198169050020365e+00
1.395836120011300974e+00
1.396472906827399107e+00
1.397108534267240021e+00
1.397743007069421228e+00
1.398376329942492502e+00
1.399008507565185688e+00
1.399639544586707141e+00
1.400269445626949771e+00
1.400898215276783487e+00
1.401525858098268129e+00
1.402152378624920370e+00
1.402777781361939091e+00
1.403402070786464062e+00
1.404025251347791547e+00
1.404647327467625662e+00
1.405268303540302632e+00
1.405888183933020841e+00
1.406506972986069304e+00
1.407124675013046389e+00
1.407741294301091406e+00
1.408356835111092886e+00
1.408971301677925281e+00
1.409584698210638809e+00
1.410197028892697269e+00
1.410808297882163664e+00
1.411418509311936464e+00
1.412027667289929678e+00
1.412635775899300894e+00
1.413242839198631362e+00
1.413848861222146702e+00
1.414453845979892099e+00
1.415057797457958788e+00
1.415660719618642593e+00
1.416262616400669305e+00
1.416863491719363655e+00
1.417463349466837830e+00
1.418062193512192426e+00
1.418660027701686754e+00
1.419256855858928024e+00
1.419852681785051418e+00
1.420447509258899288e+00
1.421041342037188793e+00
1.421634183854707301e+00
1.422226038424461159e+00
1.422816909437874422e+00
1.423406800564933850e+00
1.423995715454371869e+00
1.424583657733833331e+00
1.425170631010034938e+00
1.425756638868926451e+00
1.426341684875863436e+00
1.426925772575759588e+00
1.427508905493243052e+00
1.428091087132828729e+00
1.428672320979049060e+00
1.429252610496627884e+00
1.429831959130629659e+00
1.430410370306602008e+00
1.430987847430738258e+00
1.431564393890011555e+00
1.432140013052337846e+00
1.432714708266701997e+00
1.433288482863313895e+00
1.433861340153758768e+00
1.434433283431117090e+00
1.435004315970124900e+00
1.435574441027295256e+00
1.436143661841069452e+00
1.436711981631950241e+00
1.437279403602623518e+00
1.437845930938109973e+00
1.438411566805881447e+00
1.438976314356012143e+00
1.439540176721282094e+00
1.440103157017321500e+00
1.440665258342744171e+00
1.441226483779256329e+00
1.441786836391785620e+00
1.442346319228619222e+00
1.442904935321509985e+00
1.443462687685806323e+00
1.444019579320567459e+00
1.444575613208692877e+00
1.445130792317015800e+00
1.445685119596449297e+00
1.446238597982100416e+00
1.446791230393349670e+00
1.447343019734006253e+00
1.447893968892404626e+00
1.448444080741503548e+00
1.448993358139023080e+00
1.449541803927529182e+00
1.450089420934559170e+00
1.450636211972727629e+00
1.451182179839817898e+00
1.451727327318911076e+00
1.452271657178467734e+00
1.452815172172450708e+00
1.453357875040420577e+00
1.453899768507633139e+00
1.454440855285144885e+00
1.454981138069916469e+00
1.455520619544911298e+00
1.456059302379181686e+00
1.456597189227985867e+00
1.457134282732863273e+00
1.457670585521764650e+00
1.458206100209098022e+00
1.458740829395865468e+00
1.459274775669730850e+00
1.459807941605138382e+00
1.460340329763361034e+00
1.460871942692643533e+00
1.461402782928256983e+00
1.461932852992596565e+00
1.462462155395276131e+00
1.462990692633209022e+00
1.463518467190694450e+00
1.464045481539517191e+00
1.464571738139014645e+00
1.465097239436171872e+00
1.465621987865707521e+00
1.466145985850150879e+00
1.466669235799926474e+00
1.467191740113434895e+00
1.467713501177140945e+00
1.468234521365645584e+00
1.468754803041775414e+00
1.469274348556644849e+00
1.469793160249754038e+00
1.470311240449054591e+00
1.470828591471033953e+00
1.471345215620779356e+00
1.471861115192080849e+00
1.472376292467463266e+00
1.472890749718307024e+00
1.473404489204888534e+00
1.473917513176475236e+00
1.474429823871390433e+00
1.474941423517065253e+00
1.475452314330153225e+00
1.475962498516559140e+00
1.476471978271540753e+00
1.476980755779761179e+00
1.477488833215358399e+00
1.477996212742014315e+00
1.478502896513038678e+00
1.479008886671418832e+00
1.479514185349890321e+00
1.480018794671002835e+00
1.480522716747187939e+00
1.481025953680839446e+00
1.481528507564342734e+00
1.482030380480172438e+00
1.482531574500941529e+00
1.483032091689465259e+00
1.483531934098823335e+00
1.484031103772426974e+00
1.484529602744080190e+00
1.485027433038037525e+00
1.485524596669059783e+00
1.486021095642487300e+00
1.486516931954294796e+00
1.487012107591136889e+00
1.487506624530426258e+00
1.488000484740388707e+00
1.488493690180106466e+00
1.488986242799600124e+00
1.489478144539857052e+00
1.489969397332906009e+00
1.490460003101879982e+00
1.490949963761044383e+00
1.491439281215880097e+00
1.491927957363128332e+00
1.492415994090834364e+00
1.492903393278421476e+00
1.493390156796728707e+00
1.493876286508067253e+00
1.494361784266280857e+00
1.494846651916788449e+00
1.495330891296637876e+00
1.495814504234560083e+00
1.496297492551025066e+00
1.496779858058279178e+00
1.497261602560409077e+00
1.497742727853373701e+00
1.498223235725087310e+00
1.498703127955419045e+00
1.499182406316291960e+00
1.499661072571697895e+00
1.500139128477757211e+00
1.500616575782769413e+00
1.501093416227250232e+00
1.501569651543987804e+00
1.502045283458085301e+00
1.502520313687016218e+00
1.502994743940644362e+00
1.503468575921306227e+00
1.503941811323819211e+00
1.504414451835556221e+00
1.504886499136473876e+00
1.505357954899157580e+00
1.505828820788873923e+00
1.506299098463603547e+00
1.506768789574091549e+00
1.507237895763888780e+00
1.507706418669388260e+00
1.508174359919885799e+00
1.508641721137586211e+00
1.509108503937695245e+00
1.509574709928406921e+00
1.510040340710990581e+00
1.510505397879795542e+00
1.510969883022323490e+00
1.511433797719240690e+00
1.511897143544426392e+00
1.512359922065028339e+00
1.512822134841477428e+00
1.513283783427548990e+00
1.513744869370378776e+00
1.514205394210517586e+00
1.514665359481966789e+00
1.515124766712214965e+00
1.515583617422266549e+00
1.516041913126694229e+00
1.516499655333668262e+00
1.516956845544992216e+00
1.517413485256134287e+00
1.517869575956285244e+00
1.518325119128359324e+00
1.518780116249061951e+00
1.519234568788910611e+00
1.519688478212267047e+00
1.520141845977384332e+00
1.520594673536431518e+00
1.521046962335526054e+00
1.521498713814779524e+00
1.521949929408310975e+00
1.522400610544315303e+00
1.522850758645056368e+00
1.523300375126931172e+00
1.523749461400478289e+00
1.524198018870436711e+00
1.524646048935758724e+00
1.525093552989646994e+00
1.525540532419587869e+00
1.525986988607383577e+00
1.526432922929182867e+00
1.526878336755514098e+00
1.527323231451309216e+00
1.527767608375954156e+00
1.528211468883288848e+00
1.528654814321664723e+00
1.529097646033961144e+00
1.529539965357622489e+00
1.529981773624678798e+00
1.530423072161789300e+00
1.530863862290253508e+00
1.531304145326065846e+00
1.531743922579910766e+00
1.532183195357223582e+00
1.532621964958204686e+00
1.533060232677845081e+00
1.533497999805955692e+00
1.533935267627211108e+00
1.534372037421151802e+00
1.534808310462231207e+00
1.535244088019837250e+00
1.535679371358316558e+00
1.536114161737003769e+00
1.536548460410251948e+00
1.536982268627453241e+00
1.537415587633070402e+00
1.537848418666658556e+00
1.538280762962897397e+00
1.538712621751617604e+00
1.539143996257808400e+00
1.539574887701671946e+00
1.540005297298634224e+00
1.540435226259355694e+00
1.540864675789790361e+00
1.541293647091187324e+00
1.541722141360107212e+00
1.542150159788476582e+00
1.542577703563585256e+00
1.543004773868127177e+00
1.543431371880216840e+00
1.543857498773408610e+00
1.544283155716738243e+00
1.544708343874729994e+00
1.545133064407418821e+00
1.545557318470393238e+00
1.545981107214796868e+00
1.546404431787364420e+00
1.546827293330435005e+00
1.547249692981991664e+00
1.547671631875659148e+00
1.548093111140748324e+00
1.548514131902269275e+00
1.548934695280954399e+00
1.549354802393275499e+00
1.549774454351482200e+00
1.550193652263599509e+00
1.550612397233466222e+00
1.551030690360764464e+00
1.551448532741005693e+00
1.551865925465593543e+00
1.552282869621822492e+00
1.552699366292895622e+00
1.553115416557964590e+00
1.553531021492124964e+00
1.553946182166453527e+00
1.554360899648041361e+00
1.554775174999968090e+00
1.555189009281385593e+00
1.555602403547475587e+00
1.556015358849508257e+00
1.556427876234861341e+00
1.556839956747017695e+00
1.557251601425599041e+00
1.557662811306392614e+00
1.558073587421354045e+00
1.558483930798638895e+00
1.558893842462601764e+00
1.559303323433853361e+00
1.559712374729244733e+00
1.560120997361887030e+00
1.560529192341200133e+00
1.560936960672897555e+00
1.561344303359029517e+00
1.561751221397973399e+00
1.562157715784484591e+00
1.562563787509691160e+00
1.562969437561119168e+00
1.563374666922713985e+00
1.563779476574843841e+00
1.564183867494341129e+00
1.564587840654497519e+00
1.564991397025096820e+00
1.565394537572416089e+00
1.565797263259263161e+00
1.566199575044966430e+00
1.566601473885428808e+00
1.567002960733109518e+00
1.567404036537055401e+00
1.567804702242922676e+00
1.568204958792981163e+00
1.568604807126146028e+00
1.569004248177974237e+00
1.569403282880700967e+00
1.569801912163242941e+00
1.570200136951211523e+00
1.570597958166945141e+00
1.570995376729513282e+00
1.571392393554726041e+00
1.571789009555166317e+00
1.572185225640189143e+00
1.572581042715947675e+00
1.572976461685408278e+00
1.573371483448358532e+00
1.573766108901426097e+00
1.574160338938095816e+00
1.574554174448723032e+00
1.574947616320549582e+00
1.575340665437710008e+00
1.575733322681270199e+00
1.576125588929206067e+00
1.576517465056452405e+00
1.576908951934886227e+00
1.577300050433377177e+00
1.577690761417765541e+00
1.578081085750897339e+00
1.578471024292641189e+00
1.578860577899882767e+00
1.579249747426558326e+00
1.579638533723661586e+00
1.580026937639250617e+00
1.580414960018473591e+00
1.580802601703578336e+00
1.581189863533909445e+00
1.581576746345953577e+00
1.581963250973333679e+00
1.582349378246812321e+00
1.582735128994325891e+00
1.583120504040988363e+00
1.583505504209096859e+00
1.583890130318169165e+00
1.584274383184915092e+00
1.584658263623296204e+00
1.585041772444505170e+00
1.585424910456988190e+00
1.585807678466467419e+00
1.586190077275933863e+00
1.586572107685682687e+00
1.586953770493303439e+00
1.587335066493710700e+00
1.587715996479149627e+00
1.588096561239192184e+00
1.588476761560775552e+00
1.588856598228205019e+00
1.589236072023160196e+00
1.589615183724704783e+00
1.589993934109308782e+00
1.590372323950858702e+00
1.590750354020655788e+00
1.591128025087451769e+00
1.591505337917425544e+00
1.591882293274238913e+00
1.592258891919007713e+00
1.592635134610338898e+00
1.593011022104325658e+00
1.593386555154568285e+00
1.593761734512189943e+00
1.594136560925829560e+00
1.594511035141670918e+00
1.594885157903445982e+00
1.595258929952441784e+00
1.595632352027527956e+00
1.596005424865136302e+00
1.596378149199311647e+00
1.596750525761687856e+00
1.597122555281514256e+00
1.597494238485673179e+00
1.597865576098663087e+00
1.598236568842653860e+00
1.598607217437443717e+00
1.598977522600513623e+00
1.599347485047015294e+00
1.599717105489787627e+00
1.600086384639361814e+00
1.600455323203983760e+00
1.600823921889602763e+00
1.601192181399909931e+00
1.601560102436322186e+00
1.601927685698003145e+00
1.602294931881877771e+00
1.602661841682633703e+00
1.603028415792735917e+00
1.603394654902423611e+00
1.603760559699752841e+00
1.604126130870563216e+00
1.604491369098513420e+00
1.604856275065096760e+00
1.605220849449623177e+00
1.605585092929252333e+00
1.605949006178997163e+00
1.606312589871729202e+00
1.606675844678183473e+00
1.607038771266987354e+00
1.607401370304637922e+00
1.607763642455547259e+00
1.608125588382023352e+00
1.608487208744289632e+00
1.608848504200497631e+00
1.609209475406722323e+00
1.609570123017000309e+00
1.609930447683292964e+00
1.610290450055533285e+00
1.610650130781624334e+00
1.611009490507445685e+00
1.611368529876850975e+00
1.611727249531696327e+00
1.612085650111842572e+00
1.612443732255150586e+00
1.612801496597504158e+00
1.613158943772820209e+00
1.613516074413039902e+00
1.613872889148163070e+00
1.614229388606219562e+00
1.614585573413318542e+00
1.614941444193631614e+00
1.615297001569399038e+00
1.615652246160954153e+00
1.616007178586720938e+00
1.616361799463221782e+00
1.616716109405083479e+00
1.617070109025054325e+00
1.617423798934007007e+00
1.617777179740942373e+00
1.618130252052994544e+00
1.618483016475463554e+00
1.618835473611780262e+00
1.619187624063552100e+00
1.619539468430557516e+00
1.619891007310744868e+00
1.620242241300251740e+00
1.620593170993407162e+00
1.620943796982742269e+00
1.621294119858986527e+00
1.621644140211098595e+00
1.621993858626243679e+00
1.622343275689827502e+00
1.622692391985487426e+00
1.623041208095101107e+00
1.623389724598806927e+00
1.623737942074991114e+00
1.624085861100309947e+00
1.624433482249687977e+00
1.624780806096331354e+00
1.625127833211735595e+00
1.625474564165684477e+00
1.625820999526259136e+00
1.626167139859852728e+00
1.626512985731173089e+00
1.626858537703245178e+00
1.627203796337418851e+00
1.627548762193384624e+00
1.627893435829167457e+00
1.628237817801140963e+00
1.628581908664035405e+00
1.628925708970943020e+00
1.629269219273309588e+00
1.629612440120974171e+00
1.629955372062144026e+00
1.630298015643414367e+00
1.630640371409778133e+00
1.630982439904617998e+00
1.631324221669735230e+00
1.631665717245333269e+00
1.632006927170036814e+00
1.632347851980895825e+00
1.632688492213397957e+00
1.633028848401453015e+00
1.633368921077428482e+00
1.633708710772131756e+00
1.634048218014830578e+00
1.634387443333251255e+00
1.634726387253595759e+00
1.635065050300533285e+00
1.635403432997208917e+00
1.635741535865261609e+00
1.636079359424824187e+00
1.636416904194512245e+00
1.636754170691465671e+00
1.637091159431309562e+00
1.637427870928213736e+00
1.637764305694838107e+00
1.638100464242390419e+00
1.638436347080603817e+00
1.638771954717750390e+00
1.639107287660650725e+00
1.639442346414659912e+00
1.639777131483708850e+00
1.640111643370275818e+00
1.640445882575408021e+00
1.640779849598727136e+00
1.641113544938430646e+00
1.641446969091293617e+00
1.641780122552695342e+00
1.642113005816590476e+00
1.642445619375542343e+00
1.642777963720720269e+00
1.643110039341896034e+00
1.643441846727462519e+00
1.643773386364438149e+00
1.644104658738455793e+00
1.644435664333783187e+00
1.644766403633334040e+00
1.645096877118651602e+00
1.645427085269929091e+00
1.645757028566016356e+00
1.646086707484412326e+00
