2.326019746733907481e-05
2.134126891663080672e-01
2.537918883884213717e-01
2.808668942461095552e-01
3.018111194015424825e-01
3.191264046420242972e-01
3.340089090062040023e-01
3.471320781668513211e-01
3.589159305792576360e-01
3.696416206159996998e-01
3.795073909855316563e-01
3.886587142170074838e-01
3.972057710644759654e-01
4.052341865355805206e-01
4.128119372016945121e-01
4.199939679963237138e-01
4.268253783326592110e-01
4.333436815512570206e-01
4.395804452376711469e-01
4.455625066384251154e-01
4.513128895561124843e-01
4.568515071376051395e-01
4.621957082546674922e-01
4.673607077369166252e-01
4.723599290700118969e-01
4.772052802369602942e-01
4.819073778704490163e-01
4.864757309983612776e-01
4.909188928783332351e-01
4.952445873943733812e-01
4.994598149994566860e-01
5.035709420790892565e-01
5.075837767769422193e-01
5.115036336885336876e-01
5.153353893422294441e-01
5.190835300095940630e-01
5.227521930927178095e-01
5.263452031042632484e-01
5.298661030728768484e-01
5.333181820594148359e-01
5.367044993525690311e-01
5.400279058166381763e-01
5.432910627877487464e-01
5.464964588510643484e-01
5.496464247801773340e-01
5.527431468767785017e-01
5.557886789134366401e-01
5.587849528529271748e-01
5.617337884922545266e-01
5.646369021596510107e-01
5.674959145746563127e-01
5.703123579667748189e-01
5.730876825358487414e-01
5.758232623264775141e-01
5.785204005794049031e-01
5.811803346154048588e-01
5.838042403001654224e-01
5.863932361328092480e-01
5.889483869959826201e-01
5.914707076006487929e-01
5.939611656553033248e-01
5.964206847857861371e-01
5.988501472290844729e-01
6.012503963219731906e-01
6.036222388030966224e-01
6.059664469451481184e-01
6.082837605321490537e-01
6.105748886951285481e-01
6.128405116184738599e-01
6.150812821276354647e-01
6.172978271681486273e-01
6.194907491848304915e-01
6.216606274091365236e-01
6.238080190620677312e-01
6.259334604791496615e-01
6.280374681635775280e-01
6.301205397730288427e-01
6.321831550449827919e-01
6.342257766653790485e-01
6.362488510844905854e-01
6.382528092840475953e-01
6.402380674990134635e-01
6.422050278971652704e-01
6.441540792195830090e-01
6.460855973845772704e-01
6.479999460575882608e-01
6.498974771894866498e-01
6.517785315251295453e-01
6.536434390844023667e-01
6.554925196172999291e-01
6.573260830348575112e-01
6.591444298174460314e-01
6.609478514018333195e-01
6.627366305482993436e-01
6.645110416891595317e-01
6.662713512596488696e-01
6.680178180124157761e-01
6.697506933164193432e-01
6.714702214413624803e-01
6.731766398282533759e-01
6.748701793471663102e-01
6.765510645427211811e-01
6.782195138680623403e-01
6.798757399080359587e-01
6.815199495920534201e-01
6.831523443972828957e-01
6.847731205427232126e-01
6.863824691745383788e-01
6.879805765432551734e-01
6.895676241731332201e-01
6.911437890243081750e-01
6.927092436477284565e-01
6.942641563337217381e-01
6.958086912541465718e-01
6.973430085986194182e-01
6.988672647050793163e-01
7.003816121850023890e-01
7.018862000434744619e-01
7.033811737943915787e-01
7.048666755711079368e-01
7.063428442325971890e-01
7.078098154654870466e-01
7.092677218820584439e-01
7.107166931144366373e-01
7.121568559052520175e-01
7.135883341946740455e-01
7.150112492042901557e-01
7.164257195177718973e-01
7.178318611585139397e-01
7.192297876644555554e-01
7.206196101600916837e-01
7.220014374259580148e-01
7.233753759654477644e-01
7.247415300693917928e-01
7.261000018782441945e-01
7.274508914421113914e-01
7.287942967786018578e-01
7.301303139288024546e-01
7.314590370111806461e-01
7.327805582736790502e-01
7.340949681440886998e-01
7.354023552786226325e-01
7.367028066089631455e-01
7.379964073876517094e-01
7.392832412320111679e-01
7.405633901665991115e-01
7.418369346643622908e-01
7.431039536863179862e-01
7.443645247200727511e-01
7.456187238170133291e-01
7.468666256284268723e-01
7.481083034403452903e-01
7.493438292074428020e-01
7.505732735857233440e-01
7.517967059643653194e-01
7.530141944963946177e-01
7.542258061285975757e-01
7.554316066304123112e-01
7.566316606219871677e-01
7.578260316013978315e-01
7.590147819710708621e-01
7.601979730633503518e-01
7.613756651654239871e-01
7.625479175434062284e-01
7.637147884658317398e-01
7.648763352263812099e-01
7.660326141659694610e-01
7.671836806942633480e-01
7.683295893105266394e-01
7.694703936238838082e-01
7.706061463730677907e-01
7.717368994455098274e-01
7.728627038960524942e-01
7.739836099649790579e-01
7.750996670957071011e-01
7.762109239518719672e-01
7.773174284340171880e-01
7.784192276958401546e-01
7.795163681599477368e-01
7.806088955332615154e-01
7.816968548219207502e-01
7.827802903459388784e-01
7.838592457533153368e-01
7.849337640339073552e-01
7.860038875328267949e-01
7.870696579635974022e-01
7.881311164209703346e-01
7.891883033932707292e-01
7.902412587746197037e-01
7.912900218767262572e-01
7.923346314404609014e-01
7.933751256470138458e-01
7.944115421289681400e-01
7.954439179808980853e-01
7.964722897699012538e-01
7.974966935456793138e-01
7.985171648505198227e-01
7.995337387289982445e-01
8.005464497373859789e-01
8.015553319529249432e-01
8.025604189828194901e-01
8.035617439730320388e-01
8.045593396168719824e-01
8.055532381633943029e-01
8.065434714255967918e-01
8.075300707883661389e-01
8.085130672163796106e-01
8.094924912616834334e-01
8.104683730711650380e-01
8.114407423938554409e-01
8.124096285880411106e-01
8.133750606282441620e-01
8.143370671120249149e-01
8.152956762666210278e-01
8.162509159555009219e-01
8.172028136846600788e-01
8.181513966089137835e-01
8.190966915379274127e-01
8.200387249422229630e-01
8.209775229589630907e-01
8.219131113976481107e-01
8.228455157457315039e-01
8.237747611740287024e-01
8.247008725420945652e-01
8.256238744034185562e-01
8.265437910105670749e-01
8.274606463201603646e-01
8.283744639978036783e-01
8.292852674228892162e-01
8.301930796932244228e-01
8.310979236297693085e-01
8.319998217810229413e-01
8.328987964274845446e-01
8.337948695859860315e-01
8.346880630139197343e-01
8.355783982133850873e-01
8.364658964352482684e-01
8.373505786831849651e-01
8.382324657174746729e-01
8.391115780589490925e-01
8.399879359926665234e-01
8.408615595716180113e-01
8.417324686203202511e-01
8.426006827383847320e-01
8.434662213039074707e-01
8.443291034769710990e-01
8.451893482028962623e-01
8.460469742155360962e-01
8.469020000404978710e-01
8.477544439982480640e-01
8.486043242072509596e-01
8.494516585869353875e-01
8.502964648607358455e-01
8.511387605589073591e-01
8.519785630214744554e-01
8.528158894010149371e-01
8.536507566653448453e-01
8.544831816003426450e-01
8.553131808124616597e-01
8.561407707314636628e-01
8.569659676128864589e-01
8.577887875405603157e-01
8.586092464291419368e-01
8.594273600264579205e-01
8.602431439158766402e-01
8.610566135187212033e-01
8.618677840964772408e-01
8.626766707530777456e-01
8.634832884370959860e-01
8.642876519439623983e-01
8.650897759180318225e-01
8.658896748546989208e-01
8.666873631025180380e-01
8.674828548651329907e-01
8.682761642033163252e-01
8.690673050368937780e-01
8.698562911467373482e-01
8.706431361765272214e-01
8.714278536347259685e-01
8.722104568963120474e-01
8.729909592046427580e-01
8.737693736731417804e-01
8.745457132870988470e-01
8.753199909053270833e-01
8.760922192618605386e-01
8.768624109675762224e-01
8.776305785118425629e-01
8.783967342640865983e-01
8.791608904753767106e-01
8.799230592799329731e-01
8.806832526966552610e-01
8.814414826306646855e-01
8.821977608746740529e-01
8.829520991104902183e-01
8.837045089104327289e-01
8.844550017386965113e-01
8.852035889527298806e-01
8.859502818046445238e-01
8.866950914424465147e-01
8.874380289114269793e-01
8.881791051553988847e-01
8.889183310179862296e-01
8.896557172438732675e-01
8.903912744800230872e-01
8.911250132768824272e-01
8.918569440895547373e-01
8.925870772790296392e-01
8.933154231132942602e-01
8.940419917684341300e-01
8.947667933298208975e-01
8.954898377931543862e-01
8.962111350656032371e-01
8.969306949667916751e-01
8.976485272299417062e-01
8.983646415028183618e-01
8.990790473488414758e-01
8.997917542479858533e-01
9.005027715978757286e-01
9.012121087146707232e-01
9.019197748340566090e-01
9.026257791122347385e-01
9.033301306267753628e-01
9.040328383775844134e-01
9.047339112877961220e-01
9.054333582046483198e-01
9.061311879003934866e-01
9.068274090731323067e-01
9.075220303476696504e-01
9.082150602763690017e-01
9.089065073399711370e-01
9.095963799484119150e-01
9.102846864416138661e-01
9.109714350902995417e-01
9.116566340967557913e-01
9.123402915955973747e-01
9.130224156545476699e-01
9.137030142751996209e-01
9.143820953936778739e-01
9.150596668814710011e-01
9.157357365460656595e-01
9.164103121316771183e-01
9.170834013199826718e-01
9.177550117307471389e-01
9.184251509225482835e-01
9.190938263934227415e-01
9.197610455815456998e-01
9.204268158658497345e-01
9.210911445666885022e-01
9.217540389464620176e-01
9.224155062102459279e-01
9.230755535064030237e-01
9.237341879271885325e-01
9.243914165093569668e-01
9.250472462347363312e-01
9.257016840308143202e-01
9.263547367713567127e-01
9.270064112768976461e-01
9.276567143153513495e-01
9.283056526025630362e-01
9.289532328028322627e-01
9.295994615294786989e-01
9.302443453453286271e-01
9.308878907632829325e-01
9.315301042468335790e-01
9.321709922105132495e-01
9.328105610204844300e-01
9.334488169949828329e-01
9.340857664048085596e-01
9.347214154738294756e-01
9.353557703794435074e-01
9.359888372530718037e-01
9.366206221806008259e-01
9.372511312028533048e-01
9.378803703160432104e-01
9.385083454722005225e-01
9.391350625796728302e-01
9.397605275034845995e-01
9.403847460658329993e-01
9.410077240464735926e-01
9.416294671831628715e-01
9.422499811720517204e-01
9.428692716681332797e-01
9.434873442856079873e-01
9.441042045982985798e-01
9.447198581400435557e-01
9.453343104051064039e-01
9.459475668485244348e-01
9.465596328865140130e-01
9.471705138968742332e-01
9.477802152192542628e-01
9.483887421556616015e-01
9.489960999707147682e-01
9.496022938920405387e-01
9.502073291106503117e-01
9.508112107812431990e-01
9.514139440225968247e-01
9.520155339178619780e-01
9.526159855149380906e-01
9.532153038267856537e-01
9.538134938317512912e-01
9.544105604739299142e-01
9.550065086634249578e-01
9.556013432767271887e-01
9.561950691569549576e-01
9.567876911142760843e-01
9.573792139260834944e-01
9.579696423373897929e-01
9.585589810611037098e-01
9.591472347783076557e-01
9.597344081385505987e-01
9.603205057601751360e-01
9.609055322305455338e-01
9.614894921063936728e-01
9.620723899140275481e-01
9.626542301496698872e-01
9.632350172796948495e-01
9.638147557409060262e-01
9.643934499408113314e-01
9.649711042578617004e-01
9.655477230417466306e-01
9.661233106136133397e-01
9.666978712663683027e-01
9.672714092648833084e-01
9.678439288462519219e-01
9.684154342200672616e-01
9.689859295686285012e-01
9.695554190472237543e-01
9.701239067843081543e-01
9.706913968817669769e-01
9.712578934151889776e-01
9.718234004340349230e-01
9.723879219619016023e-01
9.729514619967332134e-01
9.735140245110256441e-01
9.740756134520964782e-01
9.746362327422637417e-01
9.751958862790548466e-01
9.757545779354617199e-01
9.763123115601080038e-01
9.768690909774748743e-01
9.774249199881104300e-01
9.779798023688295316e-01
9.785337418729067593e-01
9.790867422302975687e-01
9.796388071478250303e-01
9.801899403093525809e-01
9.807401453760165033e-01
9.812894259863877977e-01
9.818377857566631395e-01
9.823852282808844816e-01
9.829317571310904889e-01
9.834773758574903990e-01
9.840220879886798500e-01
9.845658970318216241e-01
9.851088064727546723e-01
9.856508197762750001e-01
9.861919403862282607e-01
9.867321717256976044e-01
9.872715171972026305e-01
9.878099801828577053e-01
9.883475640445107402e-01
9.888842721239374800e-01
9.894201077429838342e-01
9.899550742037637185e-01
9.904891747887705211e-01
9.910224127610640643e-01
9.915547913644220390e-01
9.920863138235036516e-01
9.926169833439930645e-01
9.931468031127366203e-01
9.936757762979322450e-01
9.942039060492300351e-01
9.947311954979347615e-01
9.952576477570940217e-01
9.957832659216871996e-01
9.963080530687407066e-01
9.968320122574978459e-01
9.973551465295216190e-01
9.978774589088688085e-01
9.983989524021974482e-01
9.989196299989286931e-01
9.994394946713729411e-01
9.999585493748459619e-01
1.000476797047834321e+00
1.000994240612091524e+00
1.001510882972786565e+00
1.002026727018630714e+00
1.002541775621999864e+00
1.003056031639070644e+00
1.003569497909921893e+00
1.004082177258682984e+00
1.004594072493652845e+00
1.005105186407399209e+00
1.005615521776891175e+00
1.006125081363649754e+00
1.006633867913775626e+00
1.007141884158193168e+00
1.007649132812645565e+00
1.008155616577891101e+00
1.008661338139769992e+00
1.009166300169333397e+00
1.009670505322968426e+00
1.010173956242452986e+00
1.010676655555153403e+00
1.011178605874046399e+00
1.011679809797879859e+00
1.012180269911253649e+00
1.012679988784727980e+00
1.013178968974941974e+00
1.013677213024692270e+00
1.014174723463058703e+00
1.014671502805487346e+00
1.015167553553893098e+00
1.015662878196766483e+00
1.016157479209282233e+00
1.016651359053361681e+00
1.017144520177792666e+00
1.017636965018326345e+00
1.018128695997766897e+00
1.018619715526074776e+00
1.019110026000431102e+00
1.019599629805348906e+00
1.020088529312796144e+00
1.020576726882211904e+00
1.021064224860661618e+00
1.021551025582901229e+00
1.022037131371456464e+00
1.022522544536736522e+00
1.023007267377074037e+00
1.023491302178867857e+00
1.023974651216617016e+00
1.024457316753045300e+00
1.024939301039156980e+00
1.025420606314348948e+00
1.025901234806422924e+00
1.026381188731757987e+00
1.026860470295345662e+00
1.027339081690862965e+00
1.027817025100758341e+00
1.028294302696331375e+00
1.028770916637826938e+00
1.029246869074479820e+00
1.029722162144605102e+00
1.030196797975706069e+00
1.030670778684460664e+00
1.031144106376929104e+00
1.031616783148487260e+00
1.032088811083996305e+00
1.032560192257841569e+00
1.033030928734006038e+00
1.033501022566116090e+00
1.033970475797582056e+00
1.034439290461578453e+00
1.034907468581183210e+00
1.035375012169411857e+00
1.035841923229316119e+00
1.036308203753965040e+00
1.036773855726665250e+00
1.037238881120875034e+00
1.037703281900351326e+00
1.038167060019209442e+00
1.038630217421955049e+00
1.039092756043570320e+00
1.039554677809592542e+00
1.040015984636141866e+00
1.040476678430022117e+00
1.040936761088734341e+00
1.041396234500586271e+00
1.041855100544727408e+00
1.042313361091220747e+00
1.042771018001083405e+00
1.043228073126367006e+00
1.043684528310254711e+00
1.044140385386955749e+00
1.044595646182008064e+00
1.045050312512150636e+00
1.045504386185441392e+00
1.045957869001313378e+00
1.046410762750651369e+00
1.046863069215778985e+00
1.047314790170600585e+00
1.047765927380605477e+00
1.048216482602930988e+00
1.048666457586410194e+00
1.049115854071628329e+00
1.049564673791003155e+00
1.050012918468784306e+00
1.050460589821161861e+00
1.050907689556269009e+00
1.051354219374272869e+00
1.051800180967392251e+00
1.052245576019979589e+00
1.052690406208538265e+00
1.053134673201793214e+00
1.053578378660753545e+00
1.054021524238714758e+00
1.054464111581349561e+00
1.054906142326754726e+00
1.055347618105457075e+00
1.055788540540522069e+00
1.056228911247545588e+00
1.056668731834732755e+00
1.057108003902930360e+00
1.057546729045689027e+00
1.057984908849263883e+00
1.058422544892737349e+00
1.058859638747988052e+00
1.059296191979758994e+00
1.059732206145741040e+00
1.060167682796581579e+00
1.060602623475877859e+00
1.061037029720334646e+00
1.061470903059710480e+00
1.061904245016907611e+00
1.062337057107991978e+00
1.062769340842255161e+00
1.063201097722236810e+00
1.063632329243747510e+00
1.064063036895989578e+00
1.064493222161499553e+00
1.064922886516259881e+00
1.065352031429676272e+00
1.065780658364680278e+00
1.066208768777726634e+00
1.066636364118851876e+00
1.067063445831687662e+00
1.067490015353559585e+00
1.067916074115430769e+00
1.068341623542027774e+00
1.068766665051827269e+00
1.069191200057109770e+00
1.069615229963997605e+00
1.070038756172490890e+00
1.070461780076492841e+00
1.070884303063865506e+00
1.071306326516443086e+00
1.071727851810087673e+00
1.072148880314713226e+00
1.072569413394317772e+00
1.072989452407037803e+00
1.073408998705147832e+00
1.073828053635138335e+00
1.074246618537701536e+00
1.074664694747812232e+00
1.075082283594739785e+00
1.075499386402045454e+00
1.075916004487686539e+00
1.076332139164010604e+00
1.076747791737786786e+00
1.077162963510210458e+00
1.077577655777016696e+00
1.077991869828431870e+00
1.078405606949252249e+00
1.078818868418832233e+00
1.079231655511160959e+00
1.079643969494877620e+00
1.080055811633281904e+00
1.080467183184396385e+00
1.080878085400970523e+00
1.081288519530525072e+00
1.081698486815374061e+00
1.082107988492668316e+00
1.082517025794396126e+00
1.082925599947447637e+00
1.083333712173627728e+00
1.083741363689669779e+00
1.084148555707296069e+00
1.084555289433206449e+00
1.084961566069137184e+00
1.085367386811900925e+00
1.085772752853371603e+00
1.086177665380520407e+00
1.086582125575495050e+00
1.086986134615586019e+00
1.087389693673264324e+00
1.087792803916255879e+00
1.088195466507469567e+00
1.088597682605166428e+00
1.088999453362839098e+00
1.089400779929341034e+00
1.089801663448862090e+00
1.090202105060965598e+00
1.090602105900617236e+00
1.091001667098219441e+00
1.091400789779603864e+00
1.091799475066109526e+00
1.092197724074539966e+00
1.092595537917254944e+00
1.092992917702139133e+00
1.093389864532674505e+00
1.093786379507921458e+00
1.094182463722570109e+00
1.094578118266967826e+00
1.094973344227110124e+00
1.095368142684702395e+00
1.095762514717157465e+00
1.096156461397626014e+00
1.096549983795023220e+00
1.096943082974063177e+00
1.097335759995235138e+00
1.097728015914893662e+00
1.098119851785207546e+00
1.098511268654277728e+00
1.098902267566030932e+00
1.099292849560371099e+00
1.099683015673096342e+00
1.100072766936020852e+00
1.100462104376872974e+00
1.100851029019446425e+00
1.101239541883536788e+00
1.101627643984964600e+00
1.102015336335667950e+00
1.102402619943617879e+00
1.102789495812943166e+00
1.103175964943866383e+00
1.103562028332771172e+00
1.103947686972211351e+00
1.104332941850943106e+00
1.104717793953909011e+00
1.105102244262295308e+00
1.105486293753551008e+00
1.105869943401359912e+00
1.106253194175715659e+00
1.106636047042900639e+00
1.107018502965569695e+00
1.107400562902681518e+00
1.107782227809562148e+00
1.108163498637917410e+00
1.108544376335891757e+00
1.108924861848009202e+00
1.109304956115244600e+00
1.109684660075046958e+00
1.110063974661308794e+00
1.110442900804448518e+00
1.110821439431371349e+00
1.111199591465519942e+00
1.111577357826898371e+00
1.111954739432030381e+00
1.112331737194090842e+00
1.112708352022786507e+00
1.113084584824482359e+00
1.113460436502163642e+00
1.113835907955453841e+00
1.114211000080666647e+00
1.114585713770786191e+00
1.114960049915510565e+00
1.115334009401228066e+00
1.115707593111085139e+00
1.116080801924981047e+00
1.116453636719561882e+00
1.116826098368280284e+00
1.117198187741355486e+00
1.117569905705855682e+00
1.117941253125668499e+00
1.118312230861517653e+00
1.118682839771002691e+00
1.119053080708586556e+00
1.119422954525633562e+00
1.119792462070435146e+00
1.120161604188170790e+00
1.120530381720991064e+00
1.120898795507970336e+00
1.121266846385182037e+00
1.121634535185664694e+00
1.122001862739468558e+00
1.122368829873642060e+00
1.122735437412278658e+00
1.123101686176507519e+00
1.123467576984497507e+00
1.123833110651534462e+00
1.124198287989944811e+00
1.124563109809177730e+00
1.124927576915783378e+00
1.125291690113454868e+00
1.125655450203031593e+00
1.126018857982467258e+00
1.126381914246947336e+00
1.126744619788798030e+00
1.127106975397552002e+00
1.127468981859961028e+00
1.127830639959997328e+00
1.128191950478856009e+00
1.128552914195005030e+00
1.128913531884159216e+00
1.129273804319318897e+00
1.129633732270778790e+00
1.129993316506118894e+00
1.130352557790253565e+00
1.130711456885419297e+00
1.131070014551173175e+00
1.131428231544477025e+00
1.131786108619608155e+00
1.132143646528240843e+00
1.132500846019438567e+00
1.132857707839692196e+00
1.133214232732873583e+00
1.133570421440294629e+00
1.133926274700710612e+00
1.134281793250329073e+00
1.134636977822822246e+00
1.134991829149333054e+00
1.135346347958496427e+00
1.135700534976446630e+00
1.136054390926845681e+00
1.136407916530838058e+00
1.136761112507121307e+00
1.137113979571976241e+00
1.137466518439180119e+00
1.137818729820116781e+00
1.138170614423752003e+00
1.138522172956612177e+00
1.138873406122853815e+00
1.139224314624235124e+00
1.139574899160159083e+00
1.139925160427624151e+00
1.140275099121329072e+00
1.140624715933548083e+00
1.140974011554319212e+00
1.141322986671293060e+00
1.141671641969831397e+00
1.142019978133011149e+00
1.142367995841589767e+00
1.142715695774040308e+00
1.143063078606621596e+00
1.143410145013277202e+00
1.143756895665725803e+00
1.144103331233438769e+00
1.144449452383669019e+00
1.144795259781457908e+00
1.145140754089619461e+00
1.145485935968785673e+00
1.145830806077395181e+00
1.146175365071698815e+00
1.146519613605800236e+00
1.146863552331631730e+00
1.147207181898979522e+00
1.147550502955479113e+00
1.147893516146664794e+00
1.148236222115920580e+00
1.148578621504536157e+00
1.148920714951693567e+00
1.149262503094500065e+00
1.149603986567952596e+00
1.149945166004995967e+00
1.150286042036505307e+00
1.150626615291297394e+00
1.150966886396149302e+00
1.151306855975800403e+00
1.151646524652955250e+00
1.151985893048316001e+00
1.152324961780550439e+00
1.152663731466353036e+00
1.153002202720409430e+00
1.153340376155426394e+00
1.153678252382126290e+00
1.154015832009294806e+00
1.154353115643725003e+00
1.154690103890291253e+00
1.155026797351898393e+00
1.155363196629552558e+00
1.155699302322296340e+00
1.156035115027308047e+00
1.156370635339812436e+00
1.156705863853155103e+00
1.157040801158811139e+00
1.157375447846340277e+00
1.157709804503441298e+00
1.158043871715960238e+00
1.158377650067880404e+00
1.158711140141303275e+00
1.159044342516543757e+00
1.159377257772049585e+00
1.159709886484443064e+00
1.160042229228530397e+00
1.160374286577327219e+00
1.160706059102037502e+00
1.161037547372037126e+00
1.161368751954959144e+00
1.161699673416652479e+00
1.162030312321177039e+00
1.162360669230829036e+00
1.162690744706155410e+00
1.163020539305960943e+00
1.163350053587305588e+00
1.163679288105497589e+00
1.164008243414140553e+00
1.164336920065112357e+00
1.164665318608568700e+00
1.164993439592972857e+00
1.165321283565083021e+00
1.165648851069980507e+00
1.165976142651031999e+00
1.166303158849957944e+00
1.166629900206808346e+00
1.166956367259947003e+00
1.167282560546097248e+00
1.167608480600344389e+00
1.167934127956107293e+00
1.168259503145201661e+00
1.168584606697786077e+00
1.168909439142419737e+00
1.169234001006029589e+00
1.169558292813935196e+00
1.169882315089873837e+00
1.170206068355982287e+00
1.170529553132797940e+00
1.170852769939280336e+00
1.171175719292816275e+00
1.171498401709240467e+00
1.171820817702808215e+00
1.172142967786219625e+00
1.172464852470617824e+00
1.172786472265635371e+00
1.173107827679336301e+00
1.173428919218295174e+00
1.173749747387477838e+00
1.174070312690447260e+00
1.174390615629172130e+00
1.174710656704158529e+00
1.175030436414373769e+00
1.175349955257340095e+00
1.175669213729061191e+00
1.175988212324074578e+00
1.176306951535435630e+00
1.176625431854731119e+00
1.176943653772082543e+00
1.177261617776165670e+00
1.177579324354207424e+00
1.177896773991979895e+00
1.178213967173816545e+00
1.178530904382612654e+00
1.178847586099863953e+00
1.179164012805612449e+00
1.179480184978489943e+00
1.179796103095743787e+00
1.180111767633174047e+00
1.180427179065218768e+00
1.180742337864908897e+00
1.181057244503876280e+00
1.181371899452397844e+00
1.181686303179358299e+00
1.182000456152256351e+00
1.182314358837254886e+00
1.182628011699122350e+00
1.182941415201307134e+00
1.183254569805892276e+00
1.183567475973614780e+00
1.183880134163862952e+00
1.184192544834717697e+00
1.184504708442910115e+00
1.184816625443861016e+00
1.185128296291659167e+00
1.185439721439084160e+00
1.185750901337651486e+00
1.186061836437491745e+00
1.186372527187498305e+00
1.186682974035259575e+00
1.186993177427072332e+00
1.187303137807952380e+00
1.187612855621646535e+00
1.187922331310613311e+00
1.188231565316063332e+00
1.188540558077923359e+00
1.188849310034895357e+00
1.189157821624372113e+00
1.189466093282576242e+00
1.189774125444420960e+00
1.190081918543625328e+00
1.190389473012644306e+00
1.190696789282726042e+00
1.191003867783891224e+00
1.191310708944943286e+00
1.191617313193439109e+00
1.191923680955783604e+00
1.192229812657141563e+00
1.192535708721479848e+00
1.192841369571573384e+00
1.193146795629005830e+00
1.193451987314179119e+00
1.193756945046319018e+00
1.194061669243452251e+00
1.194366160322446024e+00
1.194670418699010694e+00
1.194974444787672230e+00
1.195278239001814846e+00
1.195581801753646811e+00
1.195885133454257288e+00
1.196188234513560378e+00
1.196491105340339312e+00
1.196793746342234677e+00
1.197096157925770177e+00
1.197398340496330649e+00
1.197700294458168058e+00
1.198002020214420593e+00
1.198303518167125548e+00
1.198604788717177572e+00
1.198905832264386406e+00
1.199206649207455122e+00
1.199507239943980341e+00
1.199807604870473998e+00
