2.326019746733907481e-05
1.999999999982669113e-02
2.828427124659521619e-02
3.464101615126255473e-02
3.999999999990414001e-02
4.472135954973752159e-02
4.898979485557472535e-02
5.291502622126353916e-02
5.656854249477064056e-02
5.999999999997079891e-02
6.324555320318112073e-02
6.633249580707559212e-02
6.928203230273435875e-02
7.211102550927322996e-02
7.483314773541663301e-02
7.745966692412839527e-02
7.999999999995893729e-02
8.246211251234278339e-02
8.485281374235581486e-02
8.717797887079070662e-02
8.944271909992340674e-02
9.165151389909115265e-02
9.380831519644644567e-02
9.591663046623793987e-02
9.797958971130837913e-02
9.999999999996755928e-02
1.019803902718430799e-01
1.039230484541249222e-01
1.058300524425676015e-01
1.077032961426797608e-01
1.095445115010235670e-01
1.113552872565894969e-01
1.131370849898305497e-01
1.148912529307598573e-01
1.166190378968983699e-01
1.183215956619816933e-01
1.199999999999908917e-01
1.216552506059503935e-01
1.232882800593470551e-01
1.248999599679559980e-01
1.264911064067273383e-01
1.280624847486387385e-01
1.296148139681476130e-01
1.311487704860224701e-01
1.326649916142151331e-01
1.341640786499789240e-01
1.356465996624995340e-01
1.371130920080173565e-01
1.385640646054966396e-01
1.399999999999950728e-01
1.414213562372871325e-01
1.428285685708519104e-01
1.442220510185546756e-01
1.456021977856092331e-01
1.469693845669801657e-01
1.483239697419054259e-01
1.496662954709453985e-01
1.509966887054056683e-01
1.523154621172752021e-01
1.536229149573675179e-01
1.549193338482843796e-01
1.562049935181190619e-01
1.574801574802356385e-01
1.587450786638698874e-01
1.599999999999814349e-01
1.612451549659690286e-01
1.624807680927115028e-01
1.637070554374420173e-01
1.649242250246985009e-01
1.661324772583608889e-01
1.673320053068142466e-01
1.685229954635226735e-01
1.697056274847623669e-01
1.708800749063464908e-01
1.720465053408535283e-01
1.732050807568800144e-01
1.743559577416177175e-01
1.754992877478342983e-01
1.766352173265520742e-01
1.777638883462968611e-01
1.788854381999801513e-01
1.799999999999941647e-01
1.811077027627441272e-01
1.822086715828817871e-01
1.833030277982217182e-01
1.843908891458551080e-01
1.854723699099080081e-01
1.865475810617646113e-01
1.876166303929303059e-01
1.886796226411261435e-01
1.897366596101054403e-01
1.907878402833819154e-01
1.918332609324882032e-01
1.928730152198534498e-01
1.939071942966484885e-01
1.949358868961674762e-01
1.959591794226562822e-01
1.969771560359127038e-01
1.979898987322302739e-01
1.989974874213161771e-01
1.999999999999927391e-01
2.009975124224130383e-01
2.019900987672375026e-01
2.029778313018435476e-01
2.039607805437028132e-01
2.049390153191877895e-01
2.059126028197332259e-01
2.068816086557719869e-01
2.078460969082626120e-01
2.088061301782115908e-01
2.097617696340328131e-01
2.107130750570516131e-01
2.116601048851654010e-01
2.126029162546905216e-01
2.135415650406168320e-01
2.144761058952666666e-01
2.154065922853757309e-01
2.163330765278347334e-01
2.172556098239997180e-01
2.181742422927070990e-01
2.190890230020632323e-01
2.199999999999919797e-01
2.209072203437439930e-01
2.218107301281793120e-01
2.227105745131906511e-01
2.236067977499712756e-01
2.244994432064304490e-01
2.253885533916903938e-01
2.262741699796941841e-01
2.271563338320088388e-01
2.280350850198186174e-01
2.289104628451777979e-01
2.297825058615083904e-01
2.306512518934115130e-01
2.315167380558009746e-01
2.323790007724426676e-01
2.332380757938045113e-01
2.340939982143814824e-01
2.349468024894056928e-01
2.357965224510258917e-01
2.366431913239825935e-01
2.374868417407524079e-01
2.383275057562511678e-01
2.391652148620169172e-01
2.399999999999949951e-01
2.408318915758465018e-01
2.416609194718833953e-01
2.424871130596432112e-01
2.433105012119237687e-01
2.441311123146757689e-01
2.449489742783136359e-01
2.457641145488883572e-01
2.465765601187505096e-01
2.473863375370420892e-01
2.481934729198187473e-01
2.489979919597754554e-01
2.497999199359357547e-01
2.505992817228342995e-01
2.513961017995330893e-01
2.521904042583763550e-01
2.529822128134594506e-01
2.537715508089820604e-01
2.545584412271486574e-01
2.553429066960705152e-01
2.561249694973093405e-01
2.569046515732921199e-01
2.576819745345078072e-01
2.584569596663957025e-01
2.592296279362998890e-01
2.600000000000016742e-01
2.607680962081018183e-01
2.615339366124369569e-01
2.622975409720721407e-01
2.630589287593219083e-01
2.638181191654513924e-01
2.645751311064583611e-01
2.653299832284232718e-01
2.660826939129986579e-01
2.668332812825303657e-01
2.675817632051876727e-01
2.683281572999667297e-01
2.690724809414710705e-01
2.698147512646388302e-01
2.705549851693733743e-01
2.712931993249936280e-01
2.720294101747083859e-01
2.727636339397162546e-01
2.734958866235456254e-01
2.742261840160404862e-01
2.749545416973405709e-01
2.756809750418004468e-01
2.764054992216973261e-01
2.771281292110171490e-01
2.778488797889868689e-01
2.785677655436895606e-01
2.792848008753699984e-01
2.799999999999960298e-01
2.807133769523619815e-01
2.814249455893891305e-01
2.821347195933114893e-01
2.828427124746153432e-01
2.835489375751569785e-01
2.842534080710305000e-01
2.849561369754974871e-01
2.856571371417113703e-01
2.863564212655189678e-01
2.870540018881398980e-01
2.877498913987571738e-01
2.884441020371160125e-01
2.891366458960169528e-01
2.898275349237817711e-01
2.905167809266748780e-01
2.912043955712204646e-01
2.918903903865170957e-01
2.925747767665419774e-01
2.932575659723046790e-01
2.939387691339835351e-01
2.946183972531144502e-01
2.952964612046619086e-01
2.959729717389678605e-01
2.966479394838136274e-01
2.973213749463746725e-01
2.979932885150163857e-01
2.986636904613553245e-01
2.993325909419086717e-01
2.999999999999912736e-01
3.006659275674624654e-01
3.013303834663908498e-01
3.019933774108216618e-01
3.026549190084225627e-01
3.033150177620598242e-01
3.039736830714107052e-01
3.046309242345464074e-01
3.052867504494702899e-01
3.059411708155629350e-01
3.065941943351154775e-01
3.072458299147384775e-01
3.078960863668099845e-01
3.085449724108217939e-01
3.091924966748051951e-01
3.098386676965924069e-01
3.104834939251933656e-01
3.111269837220698165e-01
3.117691453623903097e-01
3.124099870362581077e-01
3.130495168499646264e-01
3.136877428271538371e-01
3.143246729100354075e-01
3.149603149604710550e-01
3.155946767611933490e-01
3.162277660168334448e-01
3.168595903551023607e-01
3.174901573277471023e-01
3.181194744117376016e-01
3.187475490101796538e-01
3.193743884534182564e-01
3.199999999999973976e-01
3.206243908376259499e-01
3.212475680841785364e-01
3.218695387886154613e-01
3.224903099319431643e-01
3.231098884280705352e-01
3.237282811247669256e-01
3.243454948045311204e-01
3.249615361854361062e-01
3.255764119219897168e-01
3.261901286060031602e-01
3.268026927673650661e-01
3.274141108748983564e-01
3.280243893371244113e-01
3.286335345030984012e-01
3.292415526630791955e-01
3.298484500494044402e-01
3.304542328371657955e-01
3.310589071449258070e-01
3.316624790355422459e-01
3.322649545167197793e-01
3.328663395418587356e-01
3.334666400106462980e-01
3.340658617697984667e-01
3.346640106136222759e-01
3.352610922848036079e-01
3.358571124749314407e-01
3.364520768252126093e-01
3.370459909270515642e-01
3.376388603226909702e-01
3.382306905057503865e-01
3.388214869219454695e-01
3.394112549695345038e-01
3.400000000000034106e-01
3.405877273185387022e-01
3.411744421846465425e-01
3.417601498126956461e-01
3.423448553724623977e-01
3.429285639896364479e-01
3.435112807463496232e-01
3.440930106817019496e-01
3.446737587922776846e-01
3.452535300326469159e-01
3.458323293158014344e-01
3.464101615137775703e-01
3.469870314579477366e-01
3.475629439396419329e-01
3.481379037105698515e-01
3.487119154832438728e-01
3.492849839314475791e-01
3.498571136907016044e-01
3.504283093587032827e-01
3.509985754956814752e-01
3.515679166249352505e-01
3.521363372331818287e-01
3.527038417709742468e-01
3.532704346531203576e-01
3.538361202590729615e-01
3.544009029333774485e-01
3.549647869859695604e-01
3.555277766926241423e-01
3.560898762952913188e-01
3.566510900025350317e-01
3.572114219898234744e-01
3.577708763999563057e-01
3.583294573433746244e-01
3.588871688985186825e-01
3.594440151122240135e-01
3.599999999999996536e-01
3.605551275463934058e-01
3.611094017053497751e-01
3.616628264004995152e-01
3.622154055254995786e-01
3.627671429443268813e-01
3.633180424917008544e-01
3.638681079732022372e-01
3.644173431657677931e-01
3.649657518178914817e-01
3.655133376499315467e-01
3.660601043544553512e-01
3.666060555964631984e-01
3.671511950137049674e-01
3.676955262169938621e-01
3.682390527904306765e-01
3.687817782917119924e-01
3.693237062523861969e-01
3.698648401781430284e-01
3.704051835490318467e-01
3.709447398198286727e-01
3.714835124201223415e-01
3.720215047547641429e-01
3.725587202039397638e-01
3.730951621235532034e-01
3.736308338453857569e-01
3.741657386773769023e-01
3.746998799038847583e-01
3.752332607858706037e-01
3.757658845611120402e-01
3.762977544445327283e-01
3.768288736283389451e-01
3.773592452822616128e-01
3.778888725538216420e-01
3.784177585684946887e-01
3.789459064299280922e-01
3.794733192202035532e-01
3.799999999999992273e-01
3.805259518087962256e-01
3.810511776651548388e-01
3.815756805667773754e-01
3.820994634908523313e-01
3.826225293941891703e-01
3.831448812133531057e-01
3.836665218650170406e-01
3.841874542459660091e-01
3.847076812334169205e-01
3.852272056851595572e-01
3.857460304397160034e-01
3.862641583165513648e-01
3.867815921162625070e-01
3.872983346207214961e-01
3.878143885933074131e-01
3.883297567789523175e-01
3.888444419044567724e-01
3.893584466786335074e-01
3.898717737923613758e-01
3.903844259188640198e-01
3.908964057138497594e-01
3.914077158156215042e-01
3.919183588452985756e-01
3.924283374069685859e-01
3.929376540877709267e-01
3.934463114581099319e-01
3.939543120718411728e-01
3.944616584663060976e-01
3.949683531626209110e-01
3.954743986656976684e-01
3.959797974644645446e-01
3.964845520319697503e-01
3.969886648255909201e-01
3.974921382870337805e-01
3.979949748426383493e-01
3.984971769034215683e-01
3.989987468651903235e-01
3.994996871087597157e-01
3.999999999999934719e-01
4.004996878900011215e-01
4.009987531152654494e-01
4.014971979976986738e-01
4.019950248448260766e-01
4.024922359499585323e-01
4.029888335922022780e-01
4.034848200366394355e-01
4.039801975344801122e-01
4.044749683231310122e-01
4.049691346263231129e-01
4.054626986542571032e-01
4.059556626036815441e-01
4.064480286580323121e-01
4.069397989875092048e-01
4.074309757492748929e-01
4.079215610874191711e-01
4.084115571332436190e-01
4.089009660052227435e-01
4.093897898091627408e-01
4.098780306383771332e-01
4.103656905736676741e-01
4.108527716834835530e-01
4.113392760240646151e-01
4.118252056394717808e-01
4.123105625617511372e-01
4.127953488110152058e-01
4.132795663954387244e-01
4.137632173115439738e-01
4.142463035441581454e-01
4.147288270665570042e-01
4.152107898405374975e-01
4.156921938165234476e-01
4.161730409336925618e-01
4.166533331199937518e-01
4.171330722922892420e-01
4.176122603564178526e-01
4.180908992073448793e-01
4.185689907291263445e-01
4.190465367951361486e-01
4.195235392680540798e-01
4.200000000000023714e-01
4.204759208325770103e-01
4.209513035969778549e-01
4.214261501140978972e-01
4.219004621945730005e-01
4.223742416388542864e-01
4.228474902373065003e-01
4.233202097703323563e-01
4.237924020083381205e-01
4.242640687119267895e-01
4.247352116318985349e-01
4.252058325093863722e-01
4.256759330758546067e-01
4.261455150532422742e-01
4.266145801540282001e-01
4.270831300812529818e-01
4.275511665286255703e-01
4.280186911806553862e-01
4.284857057125603941e-01
4.289522117905371079e-01
4.294182110716591172e-01
4.298837052040893614e-01
4.303486958269968632e-01
4.308131845707663388e-01
4.312771730569546769e-01
4.317406628984563621e-01
4.322036556994923728e-01
4.326661530556727975e-01
4.331281565541473810e-01
4.335896677735719962e-01
4.340506882842023462e-01
4.345112196480036548e-01
4.349712634186158056e-01
4.354308211415431895e-01
4.358898943540603366e-01
4.363484845854224137e-01
4.368065933568268111e-01
4.372642221815068453e-01
4.377213725647786102e-01
4.381780460041333480e-01
4.386342439892176870e-01
4.390899680019950679e-01
4.395452195167046661e-01
4.399999999999917311e-01
4.404543109108980392e-01
4.409081537009660323e-01
4.413615298142667953e-01
4.418144406874850993e-01
4.422668877499160711e-01
4.427188724235688877e-01
4.431703961232011935e-01
4.436214602563715026e-01
4.440720662234833860e-01
4.445222154178600782e-01
4.449719092257438113e-01
4.454211490263939588e-01
4.458699361921434345e-01
4.463182720884268928e-01
4.467661580737585236e-01
4.472135954999498786e-01
4.476605857119855258e-01
4.481071300481649367e-01
4.485532298401111451e-01
4.489988864128644508e-01
4.494441010848837514e-01
4.498888751680756304e-01
4.503332099679040468e-01
4.507771067833827860e-01
4.512205669071345238e-01
4.516635916254472249e-01
4.521061822182972367e-01
4.525483399593774880e-01
4.529900661162395981e-01
4.534313619501817438e-01
4.538722287164023150e-01
4.543126676640081296e-01
4.547526800360806032e-01
4.551922670696495477e-01
4.556314299957751057e-01
4.560701700396465608e-01
4.565084884205179439e-01
4.569463863518328228e-01
4.573838650411665707e-01
4.578209256903802427e-01
4.582575694955766110e-01
4.586937976471749945e-01
4.591296113299585535e-01
4.595650117230396514e-01
4.599999999999839773e-01
4.604345773288418542e-01
4.608687448721100477e-01
4.613025037868279110e-01
4.617358552245955927e-01
4.621688003316495319e-01
4.626013402488116100e-01
4.630334761116066122e-01
4.634652090502529020e-01
4.638965401897270358e-01
4.643274706497511062e-01
4.647580015448877777e-01
4.651881339845183039e-01
4.656178690729004810e-01
4.660472079092401465e-01
4.664761515876152398e-01
4.669047011971407812e-01
4.673328578219038132e-01
4.677606225410526619e-01
4.681879964287678497e-01
4.686149805543906588e-01
4.690415759823425290e-01
4.694677837722152081e-01
4.698936049788238201e-01
4.703190406521970957e-01
4.707440918375815908e-01
4.711687595755833513e-01
4.715930449020546700e-01
4.720169488482335307e-01
4.724404724407005318e-01
4.728636167014643732e-01
4.732863826479569713e-01
4.737087712930667660e-01
4.741307836451944535e-01
4.745524207081750490e-01
4.749736834815192488e-01
4.753945729601904979e-01
4.758150901348066064e-01
4.762352359916275368e-01
4.766550115125023357e-01
4.770744176750436605e-01
4.774934554525329666e-01
4.779121258139347184e-01
4.783304297240573710e-01
4.787483681434239191e-01
4.791659420284228865e-01
4.795831523312679145e-01
4.799999999999871036e-01
4.804164859785742259e-01
4.808326112068519453e-01
4.812483766206268054e-01
4.816637831516934476e-01
4.820788317277575619e-01
4.824935232725919843e-01
4.829078587059831840e-01
4.833218389437705653e-01
4.837354648979188543e-01
4.841487374764088525e-01
4.845616575834195139e-01
4.849742261192819814e-01
4.853864439804516095e-01
4.857983120596411908e-01
4.862098312457219240e-01
4.866210024238539766e-01
4.870318264754314175e-01
4.874423042781499404e-01
4.878524367060173006e-01
4.882622246293502055e-01
4.886716689148240533e-01
4.890807704254795940e-01
4.894895300208059741e-01
4.898979485566372638e-01
4.903060268852434955e-01
4.907137658554194815e-01
4.911211663123389304e-01
4.915282290977753821e-01
4.919349550499416690e-01
4.923413450036362438e-01
4.927473997901985481e-01
4.931531202375003531e-01
4.935585071701107385e-01
4.939635614091255622e-01
4.943682837723184509e-01
4.947726750741272550e-01
4.951767361255912103e-01
4.955804677345494458e-01
4.959838707054864404e-01
4.963869458396243939e-01
4.967896939349671914e-01
4.971921157862384533e-01
4.975942121849814548e-01
4.979959839195469140e-01
4.983974317750796690e-01
4.987985565335921745e-01
4.991993589739414094e-01
4.995998398718675126e-01
4.999999999999866773e-01
5.003998401278570984e-01
5.007993610219421132e-01
5.011985634456530558e-01
5.015974481593750145e-01
5.019960159204339689e-01
5.023942674831942679e-01
5.027922035990581850e-01
5.031898250163551189e-01
5.035871324805658578e-01
5.039841267341440556e-01
5.043808085167336142e-01
5.047771785649466381e-01
5.051732376125981361e-01
5.055689863905841186e-01
5.059644256269459905e-01
5.063595560468796553e-01
5.067543783727854745e-01
5.071488933242380703e-01
5.075431016179710042e-01
5.079370039680095594e-01
5.083306010855510593e-01
5.087238936790861032e-01
5.091168824543013116e-01
5.095095681142693955e-01
5.099019513592770725e-01
5.102940328869132181e-01
5.106858133921461373e-01
5.110772935672185380e-01
5.114684741017723191e-01
5.118593556827790714e-01
5.122499389946262305e-01
5.126402247190440242e-01
5.130302135352160509e-01
5.134199061197348701e-01
5.138093031466055560e-01
5.141984052872885513e-01
5.145872132107405239e-01
5.149757275833519721e-01
5.153639490689985170e-01
5.157518783290964137e-01
5.161395160225470402e-01
5.165268628057944067e-01
5.169139193327907389e-01
5.173006862550963980e-01
5.176871642217801828e-01
5.180733538795354587e-01
5.184592558726230926e-01
5.188448708429147516e-01
5.192301994298853529e-01
5.196152422706459273e-01
5.199999999999804778e-01
5.203844732502969084e-01
5.207686626516503381e-01
5.211525688318028315e-01
5.215361924162209561e-01
5.219195340279743078e-01
5.223025942880177297e-01
5.226853738148697914e-01
5.230678732248799090e-01
5.234500931320900108e-01
5.238320341483582165e-01
5.242136968832369348e-01
5.245950819441458357e-01
5.249761899362679340e-01
5.253570214625329360e-01
5.257375771237988715e-01
5.261178575186504780e-01
5.264978632435102224e-01
5.268775948927724162e-01
5.272570530585740656e-01
5.276362383309016746e-01
5.280151512977466766e-01
5.283937925449058159e-01
5.287721626560872856e-01
5.291502622129131694e-01
5.295280917949423127e-01
5.299056519796601084e-01
5.302829433425104710e-01
5.306599664568611985e-01
5.310367218940645895e-01
5.314132102234430111e-01
5.317894320123270901e-01
5.321653878259988701e-01
5.325410782277639754e-01
5.329165037789556081e-01
5.332916650389225577e-01
5.336665625650540701e-01
5.340411969127403236e-01
5.344155686354905566e-01
5.347896782848347019e-01
5.351635264103786760e-01
5.355371135598412380e-01
5.359104402789700572e-01
5.362835071116611729e-01
5.366563145999394546e-01
5.370288632838804421e-01
5.374011537017600038e-01
5.377731863899601894e-01
5.381449618829339254e-01
5.385164807134428244e-01
5.388877434122854027e-01
5.392587505085146837e-01
5.396295025292610070e-01
5.399999999999773870e-01
5.403702434442501090e-01
5.407402333838318143e-01
5.411099703387409754e-01
5.414794548272394703e-01
5.418486873657648584e-01
5.422176684690394044e-01
5.425863986500019109e-01
5.429548784199318412e-01
5.433231082882172824e-01
5.436910887627257605e-01
5.440588203494198805e-01
5.444263035526410999e-01
5.447935388750462238e-01
5.451605268175498953e-01
5.455272678794236274e-01
5.458937625582385156e-01
5.462600113498912169e-01
5.466260147486559084e-01
5.469917732471052396e-01
5.473572873361569613e-01
5.477225575051583029e-01
5.480875842417951560e-01
5.484523680320607664e-01
5.488169093604857718e-01
5.491812087098300044e-01
5.495452665613527188e-01
5.499090833947100077e-01
5.502726596878939613e-01
5.506359959174318419e-01
5.509990925582330945e-01
5.513619500836111076e-01
5.517245689653407226e-01
5.520869496736870996e-01
5.524490926773217847e-01
5.528109984434050883e-01
5.531726674375763153e-01
5.535341001239264536e-01
5.538952969650410285e-01
5.542562584220340760e-01
5.546169849544735353e-01
5.549774770204629615e-01
5.553377350765895670e-01
5.556977595779879486e-01
5.560575509783078907e-01
5.564171097297374580e-01
5.567764362830138758e-01
5.571355310873529199e-01
5.574943945906465359e-01
5.578530272392376865e-01
5.582114294781108654e-01
5.585696017507433275e-01
5.589275444992722885e-01
5.592852581643772414e-01
5.596427431853183698e-01
5.599999999999936140e-01
5.603570290448667279e-01
5.607138307550558753e-01
5.610704055642077304e-01
5.614267539047179678e-01
5.617828762075278703e-01
5.621387729021869450e-01
5.624944444169952540e-01
5.628498911788062387e-01
5.632051136131552838e-01
5.635601121442044281e-01
5.639148871948584940e-01
5.642694391866347470e-01
5.646237685397166306e-01
5.649778756730108320e-01
5.653317610040917707e-01
5.656854249492240250e-01
5.660388679233732123e-01
5.663920903402372975e-01
5.667450926121817556e-01
5.670978751503092941e-01
5.674504383644309868e-01
5.678027826631311115e-01
5.681549084536590133e-01
5.685068161420749888e-01
5.688585061331061787e-01
5.692099788302931174e-01
5.695612346359315570e-01
5.699122739509936419e-01
5.702630971753255285e-01
5.706137047074586466e-01
5.709640969448019909e-01
5.713142742834256271e-01
5.716642371182634186e-01
5.720139858429784674e-01
5.723635208501571814e-01
5.727128425310337168e-01
5.730619512757784140e-01
5.734108474732557692e-01
5.737595315112349326e-01
5.741080037762957833e-01
5.744562646537934025e-01
5.748043145279819743e-01
5.751521537819170860e-01
5.754997827975036895e-01
5.758472019555187504e-01
5.761944116355266488e-01
5.765414122159726595e-01
5.768882040742313588e-01
5.772347875864709543e-01
5.775811631277409930e-01
5.779273310720034473e-01
5.782732917920296867e-01
5.786190456595694531e-01
5.789645930452071987e-01
5.793099343183933936e-01
5.796550698475715357e-01
5.799999999999772005e-01
5.803447251418811792e-01
5.806892456383057066e-01
5.810335618533526425e-01
5.813776741499419032e-01
5.817215828899515717e-01
5.820652884341868116e-01
5.824087911424513653e-01
5.827520913733283958e-01
5.830951894845359806e-01
5.834380858325804997e-01
5.837807807730530651e-01
5.841232746603886028e-01
5.844655678480967786e-01
5.848076606885355133e-01
5.851495535331068254e-01
5.854912467321764513e-01
5.858327406350563038e-01
5.861740355900981747e-01
5.865151319446029188e-01
5.868560300448397715e-01
5.871967302361240648e-01
5.875372328627350704e-01
5.878775382679541917e-01
5.882176467941087061e-01
5.885575587824716237e-01
5.888972745734122327e-01
5.892367945062428891e-01
5.895761189193371443e-01
5.899152481500959944e-01
5.902541825349383320e-01
5.905929224093284802e-01
5.909314681077464382e-01
5.912698199637747010e-01
5.916079783099523759e-01
5.919459434779417162e-01
5.922837157984268686e-01
5.926212956011518429e-01
5.929586832149389419e-01
5.932958789676374689e-01
5.936328831862094368e-01
5.939696961966964839e-01
5.943063183241357184e-01
5.946427498927384647e-01
5.949789912257272828e-01
5.953150426454953958e-01
5.956509044733953040e-01
5.959865770300463161e-01
5.963220606350274622e-01
5.966573556070442486e-01
5.969924622639528611e-01
5.973273809227133135e-01
5.976621118993552528e-01
5.979966555090352465e-01
5.983310120660632059e-01
5.986651818838277794e-01
5.989991652748609674e-01
5.993329625508614367e-01
5.996665740225983754e-01
5.999999999999869882e-01
6.003332407921340153e-01
6.006662967072426973e-01
6.009991680526616253e-01
6.013318551349073893e-01
6.016643582596377104e-01
6.019966777316820838e-01
6.023288138550149107e-01
6.026607669327563865e-01
6.029925372672519934e-01
6.033241251599330557e-01
6.036555309114506329e-01
6.039867548216470983e-01
6.043177971895006273e-01
6.046486583132191228e-01
6.049793384901647197e-01
6.053098380168557835e-01
6.056401571890546176e-01
6.059702963017048472e-01
6.063002556489514028e-01
6.066300355241149855e-01
6.069596362197309247e-01
6.072890580275618344e-01
6.076183012385156790e-01
6.079473661428123066e-01
6.082762530298244652e-01
6.086049621881162164e-01
6.089334939055299767e-01
6.092618484691063596e-01
6.095900261651203689e-01
6.099180272790785118e-01
6.102458520956830501e-01
6.105735008989343626e-01
6.109009739720447918e-01
6.112282715974299840e-01
6.115553940568170255e-01
6.118823416311229835e-01
6.122091146005528284e-01
6.125357132445310437e-01
6.128621378417717924e-01
6.131883886702222952e-01
6.135144660071099043e-01
6.138403701289154579e-01
6.141661013113490775e-01
6.144916598294865029e-01
6.148170459575732494e-01
6.151422599691740434e-01
6.154673021371563912e-01
6.157921727336150841e-01
6.161168720299663448e-01
6.164414002968889861e-01
6.167657578043648225e-01
6.170899448216582428e-01
6.174139616173159872e-01
6.177378084592084484e-01
6.180614856144885927e-01
6.183849933495930706e-01
6.187083319302972839e-01
6.190315016216865196e-01
6.193545026880613591e-01
6.196773353931948058e-01
6.199999999999916689e-01
6.203224967708260706e-01
6.206448259673111867e-01
6.209669878504029406e-01
6.212889826803627003e-01
6.216108107167910291e-01
6.219324722186552190e-01
6.222539674441438518e-01
6.225752966509177089e-01
6.228964600958828424e-01
6.232174580353073701e-01
6.235382907247863926e-01
6.238589584192875126e-01
6.241794613730655694e-01
6.244997998398318373e-01
6.248199740725171036e-01
6.251399843234966003e-01
6.254598308444676569e-01
6.257795138864694628e-01
6.260990336999303629e-01
6.264183905346198955e-01
6.267375846396896488e-01
6.270566162636221907e-01
6.273754856543132252e-01
6.276941930590007601e-01
6.280127387242908643e-01
6.283311228961956374e-01
6.286493458200628215e-01
6.289674077406548491e-01
6.292853089020824520e-01
6.296030495478883715e-01
6.299206299209412219e-01
6.302380502635416271e-01
6.305553108173660437e-01
6.308724118235080613e-01
6.311893535223751517e-01
6.315061361538700790e-01
6.318227599572623365e-01
6.321392251711512866e-01
