2.326019746733907481e-05
1.101540153683866208e-01
1.387853626930689033e-01
1.588695813326726491e-01
1.748585998742911984e-01
1.883607167097957058e-01
2.001631297090254447e-01
2.107170509057689767e-01
2.203080307367585311e-01
2.291295854119793640e-01
2.373196319559526257e-01
2.449803370755482268e-01
2.521897405332617637e-01
2.590089573274131363e-01
2.654868480079440873e-01
2.716631627374885838e-01
2.775707253861384727e-01
2.832369918538132358e-01
2.886851878142481231e-01
2.939351562223410097e-01
2.990039998546112354e-01
3.039065761252881526e-01
3.086558834918411431e-01
3.132633670042096474e-01
3.177391626653806034e-01
3.220922948725242208e-01
3.263308374481275198e-01
3.304620461051503977e-01
3.344924682754648604e-01
3.384280348331516475e-01
3.422741372139892491e-01
3.460356926614768236e-01
3.497171997485990502e-01
3.533227858809846467e-01
3.568562481455247459e-01
3.603210886035093097e-01
3.637205449200209273e-01
3.670576170570772900e-01
3.703350906286623223e-01
3.735555574112254806e-01
3.767214334195879699e-01
3.798349748906565404e-01
3.828982924617417849e-01
3.859133637854103016e-01
3.888820447852612272e-01
3.918060797265037198e-01
3.946871102495379535e-01
3.975266834934259030e-01
4.003262594180883038e-01
4.030872174194980451e-01
4.058108623188473318e-01
4.084984297963260014e-01
4.111510913307203641e-01
4.137699586985166267e-01
4.163560880792183116e-01
4.189104838079467097e-01
4.214341018115457249e-01
4.239278527599138480e-01
4.263926049608410818e-01
4.288291870231794034e-01
4.312383903105089233e-01
4.336209712050357323e-01
4.359776531991444992e-01
4.383091288303071487e-01
4.406160614735409320e-01
4.428990870036828564e-01
4.451588153389561819e-01
4.473958318759319042e-01
4.496106988250536673e-01
4.518039564548809173e-01
4.539761242526038076e-01
4.561277020076074384e-01
4.582591708239760475e-01
4.603709940678631929e-01
4.624636182544692442e-01
4.645374738792419356e-01
4.665929761977793966e-01
4.686305259579197635e-01
4.706505100876180459e-01
4.726533023419301482e-01
4.746392639119129120e-01
4.766087439980680740e-01
4.785620803510258758e-01
4.804995997814081043e-01
4.824216186413466945e-01
4.843284432790856409e-01
4.862203704689880279e-01
4.880976878180837142e-01
4.899606741511098873e-01
4.918095998749352216e-01
4.936447273242160483e-01
4.954663110889629962e-01
4.972745983255877356e-01
4.990698290520332314e-01
5.008522364282655959e-01
5.026220470228627279e-01
5.043794810665263029e-01
5.061247526933101426e-01
5.078580701703694356e-01
5.095796361166721189e-01
5.112896477115198568e-01
5.129882968933386911e-01
5.146757705493976154e-01
5.163522506966813364e-01
5.180179146548093971e-01
5.196729352111271183e-01
5.213174807783975684e-01
5.229517155457383826e-01
5.245757996228999076e-01
5.261898891782987864e-01
5.277941365712905952e-01
5.293886904786297976e-01
5.309736960159099350e-01
5.325492948536718618e-01
5.341156253289471856e-01
5.356728225521536491e-01
5.372210185096684132e-01
5.387603421622835231e-01
5.402909195397957998e-01
5.418128738318126469e-01
5.433263254749947091e-01
5.448313922369967255e-01
5.463281892970970333e-01
5.478168293237604125e-01
5.492974225493676421e-01
5.507700768419245829e-01
5.522348977743796183e-01
5.536919886911455535e-01
5.551414507722789438e-01
5.565833830953965666e-01
5.580178826951551763e-01
5.594450446208627525e-01
5.608649619918073537e-01
5.622777260507905162e-01
5.636834262157071063e-01
5.650821501293712412e-01
5.664739837076249174e-01
5.678590111857242384e-01
5.692373151632841299e-01
5.706089766475956893e-01
5.719740750955617514e-01
5.733326884541243285e-01
5.746848931995680587e-01
5.760307643752693441e-01
5.773703756284986888e-01
5.787037992457590985e-01
5.800311061871399332e-01
5.813523661196784431e-01
5.826676474493486246e-01
5.839770173523879393e-01
5.852805418054385367e-01
5.865782856147672142e-01
5.878703124446889028e-01
5.891566848450235927e-01
5.904374642776886173e-01
5.917127111427262776e-01
5.929824848031493012e-01
5.942468436094123785e-01
5.955058449229249096e-01
5.967595451390579342e-01
5.980079997092173638e-01
5.992512631626263353e-01
6.004893891271219086e-01
6.017224303496009341e-01
6.029504387157222922e-01
6.041734652692831720e-01
6.053915602306647603e-01
6.066047730151715722e-01
6.078131522505867412e-01
6.090167457943191920e-01
6.102156007501460255e-01
6.114097634843316253e-01
6.125992796415582475e-01
6.137841941601303031e-01
6.149645512870214326e-01
6.161403945923922265e-01
6.173117669836702959e-01
6.184787107194491540e-01
6.196412674228237716e-01
6.207994780944596780e-01
6.219533831253936107e-01
6.231030223093130260e-01
6.242484348547470141e-01
6.253896593967480655e-01
6.265267340084281766e-01
6.276596962120732925e-01
6.287885829900954349e-01
6.299134307956171241e-01
6.310342755629041456e-01
6.321511527173242495e-01
6.332640971853544798e-01
6.343731434041151029e-01
6.354783253307523250e-01
6.365796764516120643e-01
6.376772297911359466e-01
6.387710179205949856e-01
6.398610729666323049e-01
6.409474266194852277e-01
6.420301101411556299e-01
6.431091543733253868e-01
6.441845897450686476e-01
6.452564462803849210e-01
6.463247536056446751e-01
6.473895409567056447e-01
6.484508371860360221e-01
6.495086707695532091e-01
6.505630698133295642e-01
6.516140620602246525e-01
6.526616748962503767e-01
6.537059353568723807e-01
6.547468701331535801e-01
6.557845055777657972e-01
6.568188677108699469e-01
6.578499822257704022e-01
6.588778744946983679e-01
6.599025695741538300e-01
6.609240922103205573e-01
6.619424668443691928e-01
6.629577176175867059e-01
6.639698683763888276e-01
6.649789426772512169e-01
6.659849637915451481e-01
6.669879547103128026e-01
6.679879381487572321e-01
6.689849365509281665e-01
6.699789720940243498e-01
6.709700666928153368e-01
6.719582420038654469e-01
6.729435194297028744e-01
6.739259201229086393e-01
6.749054649900616543e-01
6.758821746957368592e-01
6.768560696662981879e-01
6.778271700936044919e-01
6.787954959388247111e-01
6.797610669359315239e-01
6.807239025952440681e-01
6.816840222070306154e-01
6.826414448447337691e-01
6.835961893684132651e-01
6.845482744279727250e-01
6.854977184664154954e-01
6.864445397229252954e-01
6.873887562359681791e-01
6.883303858463591940e-01
6.892694462001665023e-01
6.902059547516810056e-01
6.911399287662114421e-01
6.920713853229449875e-01
6.930003413176308857e-01
6.939268134653595599e-01
6.948508183031352203e-01
6.957723721924922167e-01
6.966914913220745298e-01
6.976081917101237817e-01
6.985224892069326064e-01
6.994343994971943257e-01
7.003439381025056143e-01
7.012511203835896101e-01
7.021559615426007372e-01
7.030584766253848983e-01
7.039586805236672795e-01
7.048565879771995224e-01
7.057522135759108917e-01
7.066455717619792853e-01
7.075366768318736010e-01
7.084255429384189728e-01
7.093121840926985833e-01
7.101966141660389642e-01
7.110788468919257976e-01
7.119588958678735313e-01
7.128367745572197212e-01
7.137124962910477155e-01
7.145860742698735280e-01
7.154575215653833364e-01
7.163268511222979917e-01
7.171940757598704863e-01
7.180592081737076082e-01
7.189222609373020489e-01
7.197832465036813065e-01
7.206421772070557008e-01
7.214990652642061519e-01
7.223539227761606174e-01
7.232067617297066597e-01
7.240575939987232701e-01
7.249064313457602715e-01
7.257532854234411968e-01
7.265981677758934776e-01
7.274410898400609504e-01
7.282820629471276064e-01
7.291210983238445298e-01
7.299582070938714917e-01
7.307934002789853167e-01
7.316266888004754332e-01
7.324580834803604557e-01
7.332875950425483680e-01
7.341152341141603532e-01
7.349410112266583361e-01
7.357649368170988691e-01
7.365870212292082719e-01
7.374072747145463680e-01
7.382257074336879832e-01
7.390423294572914248e-01
7.398571507671438674e-01
7.406701812573441845e-01
7.414814307352137757e-01
7.422909089225051549e-01
7.430986254562932380e-01
7.439045898900094045e-01
7.447088116945588254e-01
7.455113002590774141e-01
7.463120648921237610e-01
7.471111148224549581e-01
7.479084592000642129e-01
7.487041070970668066e-01
7.494980675086408972e-01
7.502903493538355395e-01
7.510809614765516784e-01
7.518699126463754823e-01
7.526572115594070134e-01
7.534428668391774941e-01
7.542268870373607381e-01
7.550092806346901941e-01
7.557900560417594171e-01
7.565692215997774639e-01
7.573467855813849070e-01
7.581227561913506108e-01
7.588971415674954368e-01
7.596699497813073076e-01
7.604411888386659601e-01
7.612108666806998158e-01
7.619789911843792840e-01
7.627455701633230056e-01
7.635106113684062557e-01
7.642741224885361007e-01
7.650361111512524737e-01
7.657965849234820155e-01
7.665555513121160569e-01
7.673130177647484729e-01
7.680689916702208020e-01
7.688234803593465561e-01
7.695764911054789881e-01
7.703280311251505807e-01
7.710781075787016547e-01
7.718267275708174946e-01
7.725738981512197956e-01
7.733196263151056460e-01
7.740639190039064754e-01
7.748067831056859589e-01
7.755482254558059285e-01
7.762882528374766000e-01
7.770268719822246428e-01
7.777640895705231205e-01
7.784999122322635579e-01
7.792343465472730824e-01
7.799673990459090600e-01
7.806990762095520342e-01
7.814293844709605530e-01
7.821583302149668349e-01
7.828859197788906599e-01
7.836121594530207624e-01
7.843370554810293882e-01
7.850606140606188887e-01
7.857828413437906168e-01
7.865037434374233527e-01
7.872233264037065137e-01
7.879415962605542667e-01
7.886585589821071274e-01
7.893742204990998879e-01
7.900885866993685447e-01
7.908016634281958002e-01
7.915134564888413049e-01
7.922239716427916800e-01
7.929332146103482692e-01
7.936411910709038064e-01
7.943479066634435704e-01
7.950533669868582454e-01
7.957575776003564805e-01
7.964605440238672340e-01
7.971622717384101442e-01
7.978627661865029808e-01
7.985620327724591849e-01
7.992600768628226326e-01
7.999569037867180210e-01
8.006525188361819367e-01
8.013469272665156851e-01
8.020401342966470004e-01
8.027321451095754679e-01
8.034229648524919831e-01
8.041125986373218737e-01
8.048010515409438348e-01
8.054883286055520841e-01
8.061744348389785486e-01
8.068593752150501341e-01
8.075431546738360833e-01
8.082257781220161252e-01
8.089072504331593638e-01
8.095875764480757741e-01
8.102667609750680011e-01
8.109448087901642843e-01
8.116217246377046557e-01
8.122975132302068246e-01
8.129721792490172128e-01
8.136457273443866711e-01
8.143181621358572819e-01
8.149894882124846252e-01
8.156597101331461985e-01
8.163288324267552465e-01
8.169968595926442312e-01
8.176637961007533484e-01
8.183296463918212638e-01
8.189944148777976718e-01
8.196581059420557924e-01
8.203207239395899908e-01
8.209822731971958554e-01
8.216427580140108766e-01
8.223021826614360652e-01
8.229605513835618336e-01
8.236178683973305326e-01
8.242741378928597484e-01
8.249293640335464417e-01
8.255835509564284358e-01
8.262367027723500623e-01
8.268888235661653319e-01
8.275399173970487965e-01
8.281899882986059058e-01
8.288390402792262801e-01
8.294870773221751925e-01
8.301341033858717910e-01
8.307801224040931576e-01
8.314251382862052342e-01
8.320691549172603008e-01
8.327121761584410642e-01
8.333542058469720626e-01
8.339952477965628663e-01
8.346353057974376100e-01
8.352743836166627300e-01
8.359124849982406680e-01
8.365496136633536750e-01
8.371857733105148025e-01
8.378209676158963060e-01
8.384552002332867904e-01
8.390884747944604705e-01
8.397207949092508894e-01
8.403521641658544539e-01
8.409825861308515282e-01
8.416120643494906517e-01
8.422406023458961499e-01
8.428682036231025521e-01
8.434948716633350330e-01
8.441206099281903796e-01
8.447454218587018282e-01
8.453693108756368257e-01
8.459922803795518753e-01
8.466143337510176892e-01
8.472354743507781727e-01
8.478557055198290282e-01
8.484750305797337244e-01
8.490934528326248287e-01
8.497109755614487003e-01
8.503276020300762905e-01
8.509433354834856633e-01
8.515581791479005513e-01
8.521721362309060410e-01
8.527852099216737258e-01
8.533974033910252111e-01
8.540087197916208517e-01
8.546191622580598946e-01
8.552287339071702466e-01
8.558374378378701408e-01
8.564452771315840263e-01
8.570522548522117035e-01
8.576583740463572525e-01
8.582636377433854324e-01
8.588680489556428377e-01
8.594716106784878740e-01
8.600743258905119148e-01
8.606761975536263432e-01
8.612772286131806787e-01
8.618774219980902540e-01
8.624767806210258403e-01
8.630753073784316332e-01
8.636730051507515160e-01
8.642698768024712486e-01
8.648659251823089811e-01
8.654611531232345722e-01
8.660555634427540284e-01
8.666491589428215736e-01
8.672419424100776819e-01
8.678339166160360385e-01
8.684250843169687428e-01
8.690154482542609138e-01
8.696050111544337824e-01
8.701937757291147157e-01
8.707817446753978174e-01
8.713689206757599948e-01
8.719553063982889984e-01
8.725409044966574434e-01
8.731257176104199047e-01
8.737097483649043372e-01
8.742929993714849690e-01
8.748754732275583201e-01
8.754571725167901164e-01
8.760380998090513405e-01
8.766182576606089683e-01
8.771976486142678553e-01
8.777762751993392065e-01
8.783541399318715026e-01
8.789312453147011261e-01
8.795075938374385949e-01
8.800831879767518906e-01
8.806580301963771173e-01
8.812321229470871931e-01
8.818054686670213638e-01
8.823780697816270280e-01
8.829499287037094746e-01
8.835210478336466000e-01
8.840914295594435313e-01
8.846610762567221897e-01
8.852299902889311234e-01
8.857981740073723742e-01
8.863656297512920723e-01
8.869323598480129967e-01
8.874983666128832827e-01
8.880636523495577528e-01
8.886282193499002169e-01
8.891920698941804257e-01
8.897552062511147053e-01
8.903176306779077009e-01
8.908793454204100293e-01
8.914403527131333771e-01
8.920006547794012697e-01
8.925602538313315293e-01
8.931191520699390818e-01
8.936773516853064869e-01
8.942348548565142163e-01
8.947916637518642524e-01
8.953477805287948232e-01
8.959032073341162139e-01
8.964579463039339391e-01
8.970119995638508037e-01
8.975653692289062846e-01
8.981180574038067910e-01
8.986700661828606052e-01
8.992213976500984529e-01
8.997720538793763101e-01
9.003220369343489793e-01
9.008713488686201920e-01
9.014199917258383099e-01
9.019679675396656826e-01
9.025152783338983298e-01
9.030619261225087957e-01
9.036079129097511764e-01
9.041532406902228480e-01
9.046979114488931106e-01
9.052419271611287233e-01
9.057852897929048464e-01
9.063280013006942415e-01
9.068700636316604502e-01
9.074114787236291502e-01
9.079522485052200498e-01
9.084923748958528833e-01
9.090318598058337862e-01
9.095707051364154694e-01
9.101089127798362988e-01
9.106464846194182172e-01
9.111834225295774026e-01
9.117197283758875503e-01
9.122554040152259791e-01
9.127904512956577232e-01
9.133248720566948808e-01
9.138586681291436253e-01
9.143918413353617769e-01
9.149243934891455599e-01
9.154563263959001329e-01
9.159876418525934039e-01
9.165183416479583123e-01
9.170484275623531634e-01
9.175779013679532525e-01
9.181067648287690730e-01
9.186350197007053797e-01
9.191626677315298810e-01
9.196897106610801842e-01
9.202161502211816391e-01
9.207419881357585822e-01
9.212672261208241231e-01
9.217918658846278035e-01
9.223159091276307286e-01
9.228393575425661854e-01
9.233622128145084762e-01
9.238844766208977877e-01
9.244061506316001431e-01
9.249272365089296066e-01
9.254477359077639687e-01
9.259676504755074422e-01
9.264869818521765943e-01
9.270057316704425343e-01
9.275239015556859812e-01
9.280414931260343447e-01
9.285585079923865948e-01
9.290749477584669958e-01
9.295908140209143689e-01
9.301061083692387932e-01
9.306208323859685994e-01
9.311349876465830899e-01
9.316485757196506512e-01
9.321615981667747963e-01
9.326740565427809049e-01
9.331859523955585711e-01
9.336972872663320544e-01
9.342080626894619932e-01
9.347182801926998685e-01
9.352279412970458949e-01
9.357370475169819457e-01
9.362456003603092380e-01
9.367536013283488394e-01
9.372610519158361964e-01
9.377679536111767078e-01
9.382743078961615080e-01
9.387801162463798033e-01
9.392853801309122286e-01
9.397901010126397114e-01
9.402942803480967005e-01
9.407979195875801892e-01
9.413010201752380901e-01
9.418035835489946273e-01
9.423056111406034052e-01
9.428071043758545766e-01
9.433080646743634556e-01
9.438084934497328327e-01
9.443083921096697697e-01
9.448077620557568945e-01
9.453066046838782821e-01
9.458049213837929070e-01
9.463027135396020473e-01
9.467999825294399763e-01
9.472967297257750552e-01
9.477929564953015973e-01
9.482886641989052290e-01
9.487838541918509616e-01
9.492785278238122793e-01
9.497726864387463497e-01
9.502663313750456808e-01
9.507594639655732038e-01
9.512520855376331852e-01
9.517441974130993465e-01
9.522358009082616537e-01
9.527268973340883296e-01
9.532174879961368141e-01
9.537075741945624241e-01
9.541971572241902955e-01
9.546862383745220448e-01
9.551748189298094882e-01
9.556629001690155611e-01
9.561504833659482117e-01
9.566375697891533747e-01
9.571241607020406494e-01
9.576102573628963999e-01
9.580958610249186158e-01
9.585809729361751685e-01
9.590655943397390359e-01
9.595497264736265741e-01
9.600333705708623544e-01
9.605165278595619860e-01
9.609991995628275330e-01
9.614813868989235957e-01
9.619630910811789448e-01
9.624443133180462517e-01
9.629250548132513021e-01
9.634053167655745042e-01
9.638851003691752961e-01
9.643644068133334635e-01
9.648432372826922787e-01
9.653215929571343779e-01
9.657994750119240912e-01
9.662768846175981974e-01
9.667538229401690941e-01
9.672302911409738080e-01
9.677062903768451907e-01
9.681818217999895726e-01
9.686568865581610677e-01
9.691314857945991790e-01
9.696056206480101469e-01
9.700792922527436968e-01
9.705525017386549269e-01
9.710252502312095579e-01
9.714975388515041388e-01
9.719693687162775930e-01
9.724407409379585143e-01
9.729116566246092113e-01
9.733821168800451673e-01
9.738521228038241606e-01
9.743216754912364941e-01
9.747907760333966998e-01
9.752594255171178617e-01
9.757276250252056027e-01
9.761953756361760881e-01
9.766626784244762938e-01
9.771295344604071786e-01
9.775959448102056193e-01
9.780619105360464083e-01
9.785274326960764490e-01
9.789925123443956601e-01
9.794571505310616377e-01
9.799213483022140014e-01
9.803851067000337594e-01
9.808484267627259889e-01
9.813113095245764583e-01
9.817737560159804922e-01
9.822357672634707271e-01
9.826973442896995703e-01
9.831584881135166931e-01
9.836191997498897610e-01
9.840794802100210070e-01
9.845393305013581120e-01
9.849987516275149346e-01
9.854577445884715736e-01
9.859163103803685324e-01
9.863744499957414202e-01
9.868321644233786216e-01
9.872894546484234368e-01
9.877463216523847400e-01
9.882027664131449729e-01
9.886587899048828731e-01
9.891143930983747889e-01
9.895695769606454029e-01
9.900243424552510607e-01
9.904786905421782972e-01
9.909326221779333199e-01
9.913861383154760620e-01
9.918392399042827989e-01
9.922919278904225315e-01
9.927442032164393027e-01
9.931960668215045196e-01
9.936475196413265820e-01
9.940985626082115001e-01
9.945491966511728066e-01
9.949994226957714627e-01
9.954492416642251040e-01
9.958986544754748760e-01
9.963476620450850696e-01
9.967962652853621375e-01
9.972444651053293807e-01
9.976922624107233961e-01
9.981396581040677951e-01
9.985866530845750599e-01
9.990332482483861298e-01
9.994794444882426632e-01
9.999252426938818328e-01
1.000370643751746336e+00
1.000815648545211767e+00
1.001260257954445176e+00
1.001704472856531636e+00
1.002148294125439598e+00
1.002591722632042659e+00
1.003034759244112673e+00
1.003477404826389474e+00
1.003919660240541356e+00
1.004361526345249889e+00
1.004803003996090016e+00
1.005244094045726566e+00
1.005684797343760595e+00
1.006125114736857062e+00
1.006565047068715968e+00
1.007004595180084339e+00
1.007443759908741798e+00
1.007882542089612032e+00
1.008320942554670197e+00
1.008758962133038617e+00
1.009196601650895531e+00
1.009633861931634513e+00
1.010070743795732362e+00
1.010507248060872554e+00
1.010943375541881295e+00
1.011379127050819227e+00
1.011814503396915033e+00
1.012249505386621395e+00
1.012684133823614108e+00
1.013118389508847805e+00
1.013552273240478030e+00
1.013985785813964258e+00
1.014418928022053912e+00
1.014851700654759048e+00
1.015284104499455831e+00
1.015716140340748641e+00
1.016147808960623955e+00
1.016579111138495639e+00
1.017010047650923177e+00
1.017440619272087288e+00
1.017870826773368931e+00
1.018300670923595330e+00
1.018730152489027319e+00
1.019159272233348679e+00
1.019588030917592425e+00
1.020016429300308003e+00
1.020444468137494454e+00
1.020872148182595751e+00
1.021299470186537217e+00
1.021726434897739511e+00
1.022153043062071776e+00
1.022579295423007739e+00
1.023005192721495593e+00
1.023430735696003735e+00
1.023855925082555851e+00
1.024280761614748680e+00
1.024705246023727812e+00
1.025129379038222766e+00
1.025553161384578527e+00
1.025976593786676050e+00
1.026399676966093466e+00
1.026822411641960198e+00
1.027244798531095960e+00
1.027666838347884193e+00
1.028088531804442818e+00
1.028509879610562949e+00
1.028930882473646724e+00
1.029351541098783018e+00
1.029771856188824941e+00
1.030191828444261493e+00
1.030611458563353899e+00
1.031030747242055901e+00
1.031449695174092351e+00
1.031868303050880620e+00
1.032286571561647603e+00
1.032704501393356677e+00
1.033122093230782301e+00
1.033539347756441407e+00
1.033956265650706197e+00
1.034372847591708444e+00
1.034789094255362363e+00
1.035205006315520926e+00
1.035620584443783354e+00
1.036035829309641221e+00
1.036450741580386747e+00
1.036865321921243144e+00
1.037279570995236266e+00
1.037693489463350716e+00
1.038107077984428805e+00
1.038520337215153244e+00
1.038933267810269623e+00
1.039345870422269336e+00
1.039758145701677350e+00
1.040170094296954062e+00
1.040581716854476646e+00
1.040993014018594565e+00
1.041403986431614470e+00
1.041814634733821077e+00
1.042224959563451403e+00
1.042634961556789808e+00
1.043044641348072510e+00
1.043453999569597279e+00
1.043863036851633730e+00
1.044271753822457072e+00
1.044680151108452471e+00
1.045088229333988039e+00
1.045495989121495661e+00
1.045903431091464775e+00
1.046310555862476122e+00
1.046717364051149790e+00
1.047123856272236697e+00
1.047530033138507566e+00
1.047935895260932337e+00
1.048341443248498539e+00
1.048746677708360497e+00
1.049151599245767841e+00
1.049556208464148099e+00
1.049960505965018331e+00
1.050364492348096146e+00
1.050768168211182463e+00
1.051171534150308506e+00
1.051574590759639438e+00
1.051977338631559178e+00
1.052379778356606010e+00
1.052781910523493902e+00
1.053183735719207981e+00
1.053585254528870419e+00
1.053986467535886540e+00
1.054387375321768516e+00
1.054787978466459109e+00
1.055188277547930653e+00
1.055588273142581635e+00
1.055987965824898733e+00
1.056387356167745928e+00
1.056786444742232600e+00
1.057185232117710427e+00
1.057583718861863975e+00
1.057981905540629874e+00
1.058379792718249668e+00
1.058777380957259595e+00
1.059174670818543884e+00
1.059571662861270358e+00
1.059968357642949943e+00
1.060364755719410468e+00
1.060760857644821975e+00
1.061156663971749570e+00
1.061552175250979335e+00
1.061947392031814985e+00
1.062342314861842940e+00
1.062736944287016261e+00
1.063131280851703941e+00
1.063525325098624297e+00
1.063919077568920013e+00
1.064312538802113739e+00
1.064705709336151607e+00
1.065098589707338839e+00
1.065491180450501396e+00
1.065883482098778590e+00
1.066275495183808708e+00
1.066667220235632652e+00
1.067058657782780084e+00
1.067449808352189500e+00
1.067840672469275720e+00
1.068231250657899700e+00
1.068621543440376076e+00
1.069011551337586408e+00
1.069401274868777119e+00
1.069790714551734023e+00
1.070179870902753017e+00
1.070568744436560138e+00
1.070957335666485211e+00
1.071345645104312183e+00
1.071733673260337305e+00
1.072121420643408651e+00
1.072508887760843965e+00
1.072896075118596748e+00
1.073282983221046649e+00
1.073669612571214405e+00
1.074055963670599745e+00
1.074442037019335494e+00
1.074827833116057896e+00
1.075213352457979887e+00
1.075598595540921298e+00
1.075983562859232467e+00
1.076368254905892385e+00
1.076752672172484715e+00
1.077136815149112525e+00
1.077520684324569711e+00
1.077904280186211761e+00
1.078287603220028146e+00
1.078670653910561938e+00
1.079053432741119867e+00
1.079435940193467225e+00
1.079818176748168490e+00
1.080200142884274683e+00
1.080581839079616024e+00
1.080963265810586549e+00
1.081344423552226708e+00
1.081725312778376136e+00
1.082105933961372557e+00
1.082486287572283157e+00
1.082866374080889482e+00
1.083246193955640813e+00
1.083625747663607086e+00
1.084005035670678740e+00
1.084384058441310916e+00
1.084762816438729960e+00
1.085141310124863701e+00
1.085519539960344115e+00
1.085897506404512658e+00
1.086275209915468221e+00
1.086652650950000520e+00
1.087029829963600758e+00
1.087406747410570862e+00
1.087783403743932009e+00
1.088159799415399753e+00
1.088535934875501265e+00
1.088911810573470973e+00
1.089287426957386007e+00
1.089662784474001445e+00
1.090037883568853783e+00
1.090412724686287582e+00
1.090787308269375089e+00
1.091161634760096533e+00
1.091535704599055912e+00
1.091909518225760323e+00
1.092283076078426785e+00
1.092656378594186517e+00
1.093029426208898425e+00
1.093402219357236138e+00
1.093774758472733311e+00
1.094147043987714341e+00
1.094519076333247298e+00
1.094890855939417484e+00
1.095262383234947734e+00
1.095633658647547470e+00
1.096004682603643587e+00
1.096375455528612708e+00
1.096745977846639075e+00
1.097116249980713221e+00
1.097486272352762082e+00
1.097856045383581947e+00
1.098225569492742970e+00
1.098594845098724182e+00
1.098963872618953008e+00
1.099332652469648508e+00
1.099701185065976361e+00
1.100069470821925854e+00
1.100437510150440890e+00
1.100805303463302298e+00
1.101172851171230871e+00
