2.000000000000000000e+00
1.960784313725489891e+00
1.923076925706654894e+00
1.886792460281198514e+00
1.851851865941219089e+00
1.818181840406392524e+00
1.785714317296946518e+00
1.754386006841452517e+00
1.724137984097949161e+00
1.694915319051172542e+00
1.666666743700296660e+00
1.639344351892356499e+00
1.612903328204220443e+00
1.587301702645477874e+00
1.562500128358054630e+00
1.538461679835978702e+00
1.515151669488894903e+00
1.492537480632806668e+00
1.470588415217001454e+00
1.449275554792171405e+00
1.428571633395604890e+00
1.408450921178520776e+00
1.388889117731161527e+00
1.369863254175723632e+00
1.351351603197729290e+00
1.333333596274909993e+00
1.315789747440681667e+00
1.298701582988142977e+00
1.282051576581476837e+00
1.265823089295618153e+00
1.250000314152956316e+00
1.234568224768445077e+00
1.219512527752395492e+00
1.204819618554043181e+00
1.190476540459151078e+00
1.176470946481909863e+00
1.162791063915546985e+00
1.149425661327729165e+00
1.136364017806281934e+00
1.123595894278235807e+00
1.111111506740942279e+00
1.098901501258172431e+00
1.086956930586910453e+00
1.075269232312095591e+00
1.063830208377024800e+00
1.052632005906572354e+00
1.041667099228961391e+00
1.030928273009592555e+00
1.020408606417495534e+00
1.010101458251394302e+00
1.000000452958205610e+00
9.900994674821284036e-01
9.803926188873107739e-01
9.708742527015337132e-01
9.615389319323709438e-01
9.523814267110012333e-01
9.433967045222171333e-01
9.345799209822890363e-01
9.259264111291642951e-01
9.174316811921117143e-01
9.090914008102926047e-01
9.009013956719481575e-01
8.928576405479191624e-01
8.849562526950671693e-01
8.771934856068833719e-01
8.695657230901532309e-01
8.620694736480019049e-01
8.547013651509876020e-01
8.474581397791571824e-01
8.403366492191246540e-01
8.333338501012935717e-01
8.264467996633376723e-01
8.196726516269485785e-01
8.130086522757207224e-01
8.064521367228139059e-01
8.000005253577705533e-01
7.936513204625303963e-01
7.874021029873206068e-01
7.812505294776733722e-01
7.751943291443743611e-01
7.692313010686468999e-01
7.633593115353378700e-01
7.575762914873267473e-01
7.518802340947715601e-01
7.462691924331950055e-01
7.407412772647675725e-01
7.352946549174731450e-01
7.299275452571600820e-01
7.246382197477634346e-01
7.194249995952575194e-01
7.142862539711555270e-01
7.092203983116022181e-01
7.042258926883384618e-01
6.993012402480156542e-01
6.944449857165392315e-01
6.896557139652996771e-01
6.849320486363295046e-01
6.802726508235716896e-01
6.756762178076136660e-01
6.711414818413694583e-01
6.666672089843367344e-01
6.622521979831716976e-01
6.578952791964550739e-01
6.535953135616218157e-01
6.493511916021409425e-01
6.451618324731296372e-01
6.410261830436682073e-01
6.369432170141935412e-01
6.329119340674036476e-01
6.289313590512061181e-01
6.250005411923043042e-01
6.211185533390937152e-01
6.172844912325963218e-01
6.134974728042323910e-01
6.097566374992852145e-01
6.060611456249649365e-01
6.024101777220378651e-01
5.988029339590310585e-01
5.952386335480729374e-01
5.917165141814738627e-01
5.882358314881899197e-01
5.847958585093609996e-01
5.813958851921425808e-01
5.780352179010916913e-01
5.747131789464037244e-01
5.714291061283216511e-01
5.681823522970791407e-01
5.649722849277586390e-01
5.617982857094820925e-01
5.586597501483692163e-01
5.555560871837337267e-01
5.524867188169999555e-01
5.494510797528531221e-01
5.464486170521571928e-01
5.434787897961876890e-01
5.405410687617572263e-01
5.376349361068178956e-01
5.347598850661540171e-01
5.319154196567847936e-01
5.291010543927204823e-01
5.263163140087261382e-01
5.235607331927611963e-01
5.208338563267838062e-01
5.181352372356093916e-01
5.154644389435391050e-01
5.128210334384744051e-01
5.102046014432559673e-01
5.076147321939621371e-01
5.050510232249304510e-01
5.025130801602568642e-01
5.000005165115537498e-01
4.975129534817414045e-01
4.950500197746698361e-01
4.926113514103671598e-01
4.901965915457211498e-01
4.878053903004095915e-01
4.854374045879005228e-01
4.830922979513510018e-01
4.807697404042399203e-01
4.784694082755756028e-01
4.761909840595257570e-01
4.739341562693237808e-01
4.716986192953103174e-01
4.694840732669719463e-01
4.672902239188498341e-01
4.651167824601895040e-01
4.629634654482112643e-01
4.608299946648855561e-01
4.587160969970989211e-01
4.566215043201031776e-01
4.545459533841443300e-01
4.524891857041676291e-01
4.504509474525055790e-01
4.484309893544509706e-01
4.464290665866296193e-01
4.444449386780810474e-01
4.424783694139667878e-01
4.405291267418222079e-01
4.385969826802779137e-01
4.366817132301697990e-01
4.347830982879700712e-01
4.329009215614662009e-01
4.310349704876202948e-01
4.291850361525438862e-01
4.273509132135253630e-01
4.255323998230459148e-01
4.237292975547307661e-01
4.219414113311720227e-01
4.201685493535722293e-01
4.184105230331547909e-01
4.166671469242880232e-01
4.149382386592752048e-01
4.132236188847600022e-01
4.115231111997045277e-01
4.098365420948891225e-01
4.081637408938975642e-01
4.065045396955383472e-01
4.048587733176668979e-01
4.032262792423655373e-01
4.016068975624454418e-01
4.000004709292316885e-01
3.984068445015974125e-01
3.968258658962099950e-01
3.952573851389588611e-01
3.937012546175296390e-01
3.921573290350944263e-01
3.906254653650870212e-01
3.891055228070354199e-01
3.875973627434193269e-01
3.861008486975293641e-01
3.846158462922962262e-01
3.831422232100693548e-01
3.816798491533138771e-01
3.802285958062059379e-01
3.787883367970995563e-01
3.773589476618456895e-01
3.759403058079348603e-01
3.745322904794490815e-01
3.731347827227974867e-01
3.717476653532144071e-01
3.703708229220044612e-01
3.690041416845115108e-01
3.676475095687942729e-01
3.663008161449905487e-01
3.649639525953522479e-01
3.636368116849344467e-01
3.623192877329213246e-01
3.610112765845729377e-01
3.597126755837787293e-01
3.584233835461991813e-01
3.571433007329852805e-01
3.558723288250574823e-01
3.546103708979322922e-01
3.533573313970835295e-01
3.521131161138225663e-01
3.508776321616877691e-01
3.496507879533284346e-01
3.484324931778715606e-01
3.472226587787621277e-01
3.460211969320609038e-01
3.448280210251931654e-01
3.436430456361343477e-01
3.424661865130241845e-01
3.412973605541983479e-01
3.401364857886268189e-01
3.389834813567505489e-01
3.378382674917071449e-01
3.367007655009349731e-01
3.355708977481478561e-01
3.344485876356718124e-01
3.333337595871349590e-01
3.322263390305022490e-01
3.311262523814468284e-01
3.300334270270524617e-01
3.289477913098353690e-01
3.278692745120815877e-01
3.267978068404915337e-01
3.257333194111242669e-01
3.246757442346350775e-01
3.236250142017999543e-01
3.225810630693202730e-01
3.215438254459003775e-01
3.205132367785947789e-01
3.194892333394152573e-01
3.184717522121949806e-01
3.174607312797019798e-01
3.164561092109984264e-01
3.154578254490377764e-01
3.144658201984975032e-01
3.134800344138390926e-01
3.125004097875933029e-01
3.115268887388631391e-01
3.105594144020422664e-01
3.095979306157420341e-01
3.086423819119239464e-01
3.076927135052330287e-01
3.067488712825266473e-01
3.058108017925967315e-01
3.048784522360790672e-01
3.039517704555464994e-01
3.030307049257828234e-01
3.021152047442332567e-01
3.012052196216261635e-01
3.003006998727653087e-01
2.994015964074865366e-01
2.985078607217764857e-01
2.976194448890503441e-01
2.967363015515850910e-01
2.958583839121033954e-01
2.949856457255081721e-01
2.941180412907622443e-01
2.932555254429107250e-01
2.923980535452436191e-01
2.915455814815952618e-01
2.906980656487789805e-01
2.898554629491516543e-01
2.890177307833088349e-01
2.881848270429052672e-01
2.873567101035996996e-01
2.865333388181203755e-01
2.857146725094497075e-01
2.849006709641259683e-01
2.840912944256586137e-01
2.832865035880547944e-01
2.824862595894577222e-01
2.816905240058901749e-01
2.808992588451048600e-01
2.801124265405376956e-01
2.793299899453630664e-01
2.785519123266468888e-01
2.777781573595989872e-01
2.770086891219195602e-01
2.762434720882404049e-01
2.754824711246571800e-01
2.747256514833522623e-01
2.739729787973059216e-01
2.732244190750942048e-01
2.724799386957715841e-01
2.717395044038377061e-01
2.710030833042851306e-01
2.702706428577282827e-01
2.695421508756099538e-01
2.688175755154869062e-01
2.680968852763893073e-01
2.673800489942560477e-01
2.666670358374426675e-01
2.659578153023007263e-01
2.652523572088278936e-01
2.645506316963868176e-01
2.638526092194918293e-01
2.631582605436622035e-01
2.624675567413411459e-01
2.617804691878777845e-01
2.610969695575729999e-01
2.604170298197873157e-01
2.597406222351085203e-01
2.590677193515790733e-01
2.583982940009826867e-01
2.577323192951878617e-01
2.570697686225473788e-01
2.564106156443538564e-01
2.557548342913498751e-01
2.551023987602903942e-01
2.544532835105590141e-01
2.538074632608346981e-01
2.531649129858096203e-01
2.525256079129569176e-01
2.518895235193469029e-01
2.512566355285114073e-01
2.506269199073550835e-01
2.500003528631137284e-01
2.493769108403573465e-01
2.487565705180380116e-01
2.481393088065826091e-01
2.475251028450268787e-01
2.469139299981944480e-01
2.463057678539152251e-01
2.457005942202862836e-01
2.450983871229720501e-01
2.444991248025449315e-01
2.439027857118643561e-01
2.433093485134941725e-01
2.427187920771579910e-01
2.421310954772303847e-01
2.415462379902665324e-01
2.409641990925650012e-01
2.403849584577680276e-01
2.398084959544944939e-01
2.392347916440081268e-01
2.386638257779186978e-01
2.380955787959155301e-01
2.375300313235342853e-01
2.369671641699547804e-01
2.364069583258300855e-01
2.358493949611469020e-01
2.352944554231152785e-01
2.347421212340890517e-01
2.341923740895144046e-01
2.336451958559083719e-01
2.331005685688644635e-01
2.325584744310871255e-01
2.320188958104525689e-01
2.314818152380976601e-01
2.309472154065341232e-01
2.304150791677899712e-01
2.298853895315753348e-01
2.293581296634747413e-01
2.288332828831634302e-01
2.283108326626480389e-01
2.277907626245323225e-01
2.272730565403052461e-01
2.267576983286530012e-01
2.262446720537940603e-01
2.257339619238364903e-01
2.252255522891577488e-01
2.247194276408059355e-01
2.242155726089228029e-01
2.237139719611880573e-01
2.232146106012840581e-01
2.227174735673814465e-01
2.222225460306452016e-01
2.217298132937595700e-01
2.212392607894735630e-01
2.207508740791652990e-01
2.202646388514253872e-01
2.197805409206590455e-01
2.192985662257063983e-01
2.188187008284812329e-01
2.183409309126272402e-01
2.178652427821921866e-01
2.173916228603188783e-01
2.169200576879536380e-01
2.164505339225714087e-01
2.159830383369173989e-01
2.155175578177646600e-01
2.150540793646882887e-01
2.145925900888547566e-01
2.141330772118277270e-01
2.136755280643879151e-01
2.132199300853691859e-01
2.127662708205089737e-01
2.123145379213132733e-01
2.118647191439363697e-01
2.114168023480743619e-01
2.109707754958733694e-01
2.105266266508508677e-01
2.100843439768307341e-01
2.096439157368921447e-01
2.092053302923309321e-01
2.087685761016347674e-01
2.083336417194704970e-01
2.079005157956844430e-01
2.074691870743151090e-01
2.070396443926177943e-01
2.066118766801021689e-01
2.061858729575808402e-01
2.057616223362298269e-01
2.053391140166612727e-01
2.049183372880068466e-01
2.044992815270125774e-01
2.040819361971450696e-01
2.036662908477079870e-01
2.032523351129701672e-01
2.028400587113037279e-01
2.024294514443326642e-01
2.020205031960922715e-01
2.016132039321979208e-01
2.012075436990249933e-01
2.008035126228970846e-01
2.004011009092859785e-01
2.000002988420194194e-01
1.996010967824994320e-01
1.992034851689296060e-01
1.988074545155514572e-01
1.984129954118906136e-01
1.980200985220108567e-01
1.976287545837779047e-01
1.972389544081313839e-01
1.968506888783658482e-01
1.964639489494198754e-01
1.960787256471735185e-01
1.956950100677544990e-01
1.953127933768520341e-01
1.949320668090386011e-01
1.945528216671003341e-01
1.941750493213745266e-01
1.937987412090949602e-01
1.934238888337450057e-01
1.930504837644183014e-01
1.926785176351864803e-01
1.923079821444743931e-01
1.919388690544428511e-01
1.915711701903775599e-01
1.912048774400859630e-01
1.908399827533007187e-01
1.904764781410898389e-01
1.901143556752734887e-01
1.897536074878480306e-01
1.893942257704157583e-01
1.890362027736214590e-01
1.886795308065959131e-01
1.883242022364046975e-01
1.879702094875039808e-01
1.876175450412019552e-01
1.872662014351264559e-01
1.869161712626990490e-01
1.865674471726140038e-01
1.862200218683238706e-01
1.858738881075309157e-01
1.855290387016831910e-01
1.851854665154775426e-01
1.848431644663671714e-01
1.845021255240747726e-01
1.841623427101116151e-01
1.838238090973014771e-01
1.834865178093095517e-01
1.831504620201772904e-01
1.828156349538615777e-01
1.824820298837794563e-01
1.821496401323577652e-01
1.818184590705875514e-01
