4.000000000000000000e+00
3.921568610705739921e+00
3.846153812117042214e+00
3.773584854288372092e+00
3.703703635340844347e+00
3.636363551649297143e+00
3.571428471221949508e+00
3.508771815143999717e+00
3.448275734043146468e+00
3.389830368303429431e+00
3.333333182256887461e+00
3.278688363863885513e+00
3.225806282488344223e+00
3.174602998312942237e+00
3.124999817746253239e+00
3.076922889868890287e+00
3.030302839566083151e+00
2.985074433513814629e+00
2.941176275636576243e+00
2.898550529046882929e+00
2.857142661818398377e+00
2.816901214242911955e+00
2.777777585482451350e+00
2.739725837756759041e+00
2.702702516407391009e+00
2.666666484356606581e+00
2.631578769635263271e+00
2.597402424791591002e+00
2.564102397114652376e+00
2.531645408714204848e+00
2.499999845594548020e+00
2.469135654945109337e+00
2.439024249946316836e+00
2.409638421456973489e+00
2.380952256009647883e+00
2.352941059594626516e+00
2.325581286761244648e+00
2.298850474608776562e+00
2.272727181277939046e+00
2.247190928589026360e+00
2.222222148504168437e+00
2.197802133119542312e+00
2.173912987918960038e+00
2.150537588043347270e+00
2.127659537351534347e+00
2.105263130066676869e+00
2.083333314819770354e+00
2.061855660917282673e+00
2.040816326674027348e+00
2.020202029665257637e+00
2.000000018763633314e+00
1.980198047837356867e+00
1.960784350995483205e+00
1.941747619275239645e+00
1.923076978674319815e+00
1.904761969438463876e+00
1.886792526521448465e+00
1.869158961140775732e+00
1.851851943358040931e+00
1.834862485618189654e+00
1.818181927186623525e+00
1.801801919427549858e+00
1.785714411870989338e+00
1.769911639019590366e+00
1.754386107849818632e+00
1.739130585965261488e+00
1.724138090362692388e+00
1.709401876774233608e+00
1.694915429551444586e+00
1.680672452059456923e+00
1.666666857551398540e+00
1.652892760495332514e+00
1.639344468327735616e+00
1.626016473609246837e+00
1.612903446559978526e+00
1.600000227953132681e+00
1.587301822347012781e+00
1.574803391636790506e+00
1.562500248908524902e+00
1.550387852579049319e+00
1.538461800806320667e+00
1.526717826155783220e+00
1.515151790509174035e+00
1.503759680203002880e+00
1.492537601384713142e+00
1.481481775575238968e+00
1.470588535427326482e+00
1.459854320669626837e+00
1.449275674227131105e+00
1.438849238509068762e+00
1.428571751855896022e+00
1.418440045137476790e+00
1.408451038495002861e+00
1.398601738219616308e+00
1.388889233761089637e+00
1.379310694860283792e+00
1.369863368799453252e+00
1.360544577764778884e+00
1.351351716315830842e+00
1.342282248956927049e+00
1.333333707805642421e+00
1.324503690353956209e+00
1.315789857317776868e+00
1.307189930570798353e+00
1.298701691158858917e+00
1.290322977391157755e+00
1.282051683004891363e+00
1.273885755400030462e+00
1.265823193941126856e+00
1.257862048323208803e+00
1.250000416998951369e+00
1.242236445664463007e+00
1.234568325801153943e+00
1.226994293271278069e+00
1.219512626964857960e+00
1.212121647495812304e+00
1.204819715945210534e+00
1.197605232649681106e+00
1.190476636033091840e+00
1.183432401479704854e+00
1.176471040247109912e+00
1.169591098417291697e+00
1.162791155884294270e+00
1.156069825376994320e+00
1.149425751515569250e+00
1.142857609900316262e+00
1.136364106231537274e+00
1.129943975459254402e+00
1.123595980961586971e+00
1.117318913750672493e+00
1.111111591705053137e+00
1.104972858827509841e+00
1.098901584527363084e+00
1.092896662926305495e+00
1.086957012186868354e+00
1.081081573862669787e+00
1.075269312269621746e+00
1.069519213877311969e+00
1.063830286719810836e+00
1.058201559825180382e+00
1.052632082663003343e+00
1.047120924609262316e+00
1.041667174427944875e+00
1.036269939768762249e+00
1.030928346680406005e+00
1.025641539138776093e+00
1.020408678589656226e+00
1.015228943505314563e+00
1.010101528954542527e+00
1.005025646185655042e+00
1.000000522222005195e+00
9.950253994695668069e-01
9.900995353361782270e-01
9.852222018620387933e-01
9.803926853610702707e-01
9.756102860727793313e-01
9.708743178242563721e-01
9.661841077019734936e-01
9.615389957330487958e-01
9.569383345756625747e-01
9.523814892183160019e-01
9.478678366876451822e-01
9.433967657645008220e-01
9.389676767080286091e-01
9.345799809874865138e-01
9.302331010215396656e-01
9.259264699248068720e-01
9.216595312614067614e-01
9.174317388052924960e-01
9.132425563071477903e-01
9.090914572676456196e-01
9.049779247168590057e-01
9.009014509996344788e-01
8.968615375667408074e-01
8.928576947716129197e-01
8.888894416725132697e-01
8.849563058399476656e-01
8.810578231691709172e-01
8.771935376976269794e-01
8.733630014271707154e-01
8.695657741509299488e-01
8.658014232846622527e-01
8.620695237024735835e-01
8.583696575767689740e-01
8.547014142223057220e-01
8.510643899442285054e-01
8.474581878899660747e-01
8.438824179048824980e-01
8.403366963915614996e-01
8.368206461726276357e-01
8.333338963569945079e-01
8.298760822094441991e-01
8.264468450234403463e-01
8.230458319970801462e-01
8.196726961120986976e-01
8.163270960158349743e-01
8.130086959060774943e-01
8.097171654187069745e-01
8.064521795180574770e-01
8.032134183899189983e-01
8.000005673371090031e-01
7.968133166775386300e-01
7.936513616447079533e-01
7.905144022905590262e-01
7.874021433906253087e-01
7.843142943514112009e-01
7.812505691199452817e-01
7.782106860954407512e-01
7.751943680430153361e-01
7.722013420094052671e-01
7.692313392406278094e-01
7.662840951015347235e-01
7.633593489972086976e-01
7.604568442961527897e-01
7.575763282552253619e-01
7.547175519462755444e-01
7.518802701844327085e-01
7.490642414580066522e-01
7.462692278599594164e-01
7.434949950209038816e-01
7.407413120435908382e-01
7.380079514388486750e-01
7.352946890629348253e-01
7.326013040562626699e-01
7.299275787834733631e-01
7.272732987748122824e-01
7.246382526687824566e-01
7.220222321560377798e-01
7.194250319244881453e-01
7.168464496055857449e-01
7.142862857217620043e-01
7.117443436349856212e-01
7.092204294964170597e-01
7.067143521971294140e-01
7.042259233198704393e-01
7.017549570918397706e-01
6.993012703384579032e-01
6.968646824381010685e-01
6.944450152777774665e-01
6.920420932097280931e-01
6.896557430089207408e-01
6.872857938314224091e-01
6.849320771736276958e-01
6.825944268323221875e-01
6.802726788655583112e-01
6.779666715543299915e-01
6.756762453650230205e-01
6.734012429126233767e-01
6.711415089246671739e-01
6.688968902059138077e-01
6.666672356037256497e-01
6.644523959741375219e-01
6.622522241486004102e-01
6.600665749013842065e-01
6.578953049176232692e-01
6.557382727619910368e-01
6.535953388479878168e-01
6.514663654078307609e-01
6.493512164629285932e-01
6.472497577949298808e-01
6.451618569173327433e-01
6.430873830476419029e-01
6.410262070800594181e-01
6.389782015587018860e-01
6.369432406513277911e-01
6.349212001235644554e-01
6.329119573136255950e-01
6.309153911075081611e-01
6.289313819146549189e-01
6.269598116440765478e-01
6.250005636809204956e-01
6.230535228634787037e-01
6.211185754606227682e-01
6.191956091496598757e-01
6.172845129945955245e-01
6.153851774248014772e-01
6.134974942140747345e-01
6.116213564600789798e-01
6.097566585641650549e-01
6.079032962115573646e-01
6.060611663519024361e-01
6.042301671801668661e-01
6.024101981178839882e-01
6.006011597947371605e-01
5.988029540304723453e-01
5.970154838171369827e-01
5.952386533016352788e-01
5.934723677685926901e-01
5.917165336235268303e-01
5.899710583763148053e-01
5.882358506249519836e-01
5.865108200395982019e-01
5.847958773469026372e-01
5.830909343146020163e-01
5.813959037363900517e-01
5.797106994170475591e-01
5.780352361578315890e-01
5.763694297421175783e-01
5.747131969212866398e-01
5.730664554008597644e-01
5.714291238268655038e-01
5.698011217724430200e-01
5.681823697246726201e-01
5.665727890716312221e-01
5.649723020896653125e-01
5.633808319308805101e-01
5.617983026108421818e-01
5.602246389964815609e-01
5.586597667942048151e-01
5.571036125382026194e-01
5.555561035789509106e-01
5.540171680719074843e-01
5.524867349663915572e-01
5.509647339946499578e-01
5.494510956611025065e-01
5.479457512317638113e-01
5.464486327238402552e-01
5.449596728954937408e-01
5.434788052357765187e-01
5.420059639547255559e-01
5.405410839736217721e-01
5.390841009154019314e-01
5.376349510952298516e-01
5.361935715112160494e-01
5.347598998352882660e-01
5.333338744042064317e-01
5.319154342107228484e-01
5.305045188948803725e-01
5.291010687354520403e-01
5.277050246415143642e-01
5.263163281441520791e-01
5.249349213882980036e-01
5.235607471246959133e-01
5.221937487019935320e-01
5.208338700589564274e-01
5.194810557168048071e-01
5.181352507716674438e-01
5.167964008871557269e-01
5.154644522870495127e-01
5.141393517480969955e-01
5.128210465929260442e-01
5.115094846830633424e-01
5.102046144120608862e-01
5.089063846987263995e-01
5.076147449804587763e-01
5.063296452066823328e-01
5.050510358323837545e-01
5.037788678117428587e-01
5.025130925918623870e-01
5.012536621065906139e-01
5.000005287704373247e-01
4.987536454725802759e-01
4.975129655709618626e-01
4.962784428864723263e-01
4.950500316972208381e-01
4.938276867328907360e-01
4.926113631691784178e-01
4.914010166223129472e-01
4.901966031436595372e-01
4.889980792143980848e-01
4.878054017402818632e-01
4.866185280464734308e-01
4.854374158724538701e-01
4.842620233670066332e-01
4.830923090832750511e-01
4.819282319738897868e-01
4.807697513861678429e-01
4.796168270573798464e-01
4.784694191100853922e-01
4.773274880475357751e-01
4.761909947491417272e-01
4.750599004660055469e-01
4.739341668165179544e-01
4.728137557820161208e-01
4.716986297025035912e-01
4.705887512724308830e-01
4.694840835365353127e-01
4.683845898857393886e-01
4.672902340531057130e-01
4.662009801098509487e-01
4.651167924614125204e-01
4.640376358435716053e-01
4.629634753186300244e-01
4.618942762716394812e-01
4.608300044066830359e-01
4.597706257432093158e-01
4.587161066124141873e-01
4.576664136536749417e-01
4.566215138110319982e-01
4.555813743297191798e-01
4.545459627527402291e-01
4.535152469174941192e-01
4.524891949524431634e-01
4.514677752738293637e-01
4.504509565824328376e-01
4.494387078603744312e-01
4.484309983679628520e-01
4.474277976405818258e-01
4.464290754856208299e-01
4.454348019794451830e-01
4.444449474644088238e-01
4.434594825459036715e-01
4.424783780894515628e-01
4.415016052178317163e-01
4.405291353082490535e-01
4.395609399895361591e-01
4.385969911393963749e-01
4.376372608816797571e-01
4.366817215836956145e-01
4.357303458535618512e-01
4.347831065375857840e-01
4.338399767176817634e-01
4.329009297088214914e-01
4.319659390565162016e-01
4.310349785343330353e-01
4.301080221414435023e-01
4.291850441002011962e-01
4.282660188537538160e-01
4.273509210636832201e-01
4.264397256076776221e-01
4.255324075772314307e-01
4.246289422753764531e-01
4.237293052144411876e-01
4.228334721138372609e-01
4.219414188978763969e-01
4.210531216936123644e-01
4.201685568287120143e-01
4.192877008293524055e-01
4.184105304181439666e-01
4.175370225120804690e-01
4.166671542205141465e-01
4.158009028431555731e-01
4.149382458680996866e-01
4.140791609698751818e-01
4.132236260075191070e-01
4.123716190226739964e-01
4.115231182377093733e-01
4.106781020538670113e-01
4.098365490494269014e-01
4.089984379778984214e-01
4.081637477662312108e-01
4.073324575130496394e-01
4.065045464869078140e-01
4.056799941245661234e-01
4.048587800292889338e-01
4.040408839691629339e-01
4.032262858754351864e-01
4.024149658408714414e-01
4.016069041181354327e-01
4.008020811181859377e-01
4.000004774086937109e-01
3.992020737124785112e-01
3.984068509059621732e-01
3.976147900176435490e-01
3.968258722265880500e-01
3.960400788609383382e-01
3.952573913964403385e-01
3.944777914549882913e-01
3.937012608031853489e-01
3.929277813509228778e-01
3.921573351499756388e-01
3.913899043926128418e-01
3.906254714102268544e-01
3.898640186719765088e-01
3.891055287834480625e-01
3.883499844853290361e-01
3.875973686521012040e-01
3.868476642907442975e-01
3.861008545394590818e-01
3.853569226664017577e-01
3.846158520684355153e-01
3.838776262698943564e-01
3.831422289213629040e-01
3.824096437984687569e-01
3.816798548006898884e-01
3.809528459501747011e-01
3.802286013905762374e-01
3.795071053858991572e-01
3.787883423193604826e-01
3.780722966922619999e-01
3.773589531228773164e-01
3.766482963453496313e-01
3.759403112086027177e-01
3.752349826752649498e-01
3.745322958206037112e-01
3.738322358314734584e-01
3.731347880052745536e-01
3.724399377489233665e-01
3.717476705778354207e-01
3.710579721149184218e-01
3.703708280895768867e-01
3.696862243367282641e-01
3.690041467958291022e-01
3.683245815099126519e-01
3.676475146246369619e-01
3.669729323873436311e-01
3.663008211461256103e-01
3.656311673489073266e-01
3.649639575425335791e-01
3.642991783718683152e-01
3.636368165789036211e-01
