3.000000000000000000e+00
2.941176444968016224e+00
2.884615337280133751e+00
2.830188613767675498e+00
2.777777697416090152e+00
2.727272634990113964e+00
2.678571327055613072e+00
2.631578839051278429e+00
2.586206783628374417e+00
2.542372765803110557e+00
2.499999883593534200e+00
2.459016277773928838e+00
2.419354725201227740e+00
2.380952270872137788e+00
2.343749894474817186e+00
2.307692207720340338e+00
2.272727179189434121e+00
2.238805883819766418e+00
2.205882274497271922e+00
2.173912973509080082e+00
2.142857081871893943e+00
2.112676004773454075e+00
2.083333291560539813e+00
2.054794488878645353e+00
2.027027005719232999e+00
1.999999989263228306e+00
1.973684210526325700e+00
1.948051958915066439e+00
1.923076944893983509e+00
1.898734210045120552e+00
1.875000043873091160e+00
1.851851906772729262e+00
1.829268358633259206e+00
1.807228992603610696e+00
1.785714373588788595e+00
1.764705981087681064e+00
1.744186156018926681e+00
1.724138051213971679e+00
1.704545585285599740e+00
1.685393399606453180e+00
1.666666818155660312e+00
1.648351810012931740e+00
1.630434954298703332e+00
1.612903407376206744e+00
1.595744872147026427e+00
1.578947569285886754e+00
1.562500210273267465e+00
1.546391972096107015e+00
1.530612473497442894e+00
1.515151752665471196e+00
1.500000246261264270e+00
1.485148769692364867e+00
1.470588498546762324e+00
1.456310951108384266e+00
1.442307971881312101e+00
1.428571716055468288e+00
1.415094634851609134e+00
1.401869461688092011e+00
1.388889199116158490e+00
1.376147106474372883e+00
1.363636688216463000e+00
1.351351682870081117e+00
1.339286052587067566e+00
1.327433973248561827e+00
1.315789825090904142e+00
1.304348183820616125e+00
1.293103812188954649e+00
1.282051651998537656e+00
1.271186816516418183e+00
1.260504583269686618e+00
1.250000387201297469e+00
1.239669814165276440e+00
1.229508594741833605e+00
1.219512598354180799e+00
1.209677827670019745e+00
1.200000413271755662e+00
1.190476608580515405e+00
1.181102785019970902e+00
1.171875427406863457e+00
1.162791129555918568e+00
1.153846590087613810e+00
1.145038608427954019e+00
1.136364080990081238e+00
1.127819997528134666e+00
1.119403437654378664e+00
1.111111567511119835e+00
1.102941636589453545e+00
1.094890974687336538e+00
1.086956988999915330e+00
1.079137161335451456e+00
1.071429045450568607e+00
1.063830264498888400e+00
1.056338508587473690e+00
1.048951532435798084e+00
1.041667153132256329e+00
1.034483247983512655e+00
1.027397752452230417e+00
1.020408658178972860e+00
1.013514011084304167e+00
1.006711909547309158e+00
1.000000502656974932e+00
9.933779885330565884e-01
9.868426127132200465e-01
9.803926666034369353e-01
9.740264859887544091e-01
9.677424496017088540e-01
9.615389777458061005e-01
9.554145309716030043e-01
9.493676088030661431e-01
9.433967485119932883e-01
9.375005239383915612e-01
9.316775443548197533e-01
9.259264533727906699e-01
9.202459278894277173e-01
9.146346770726595521e-01
9.090914413833179886e-01
9.036149916325773024e-01
8.982041280732644406e-01
8.928576795236167207e-01
8.875745025221521978e-01
8.823534805123670610e-01
8.771935230560390373e-01
8.720935650739765066e-01
8.670525661130967787e-01
8.620695096387800405e-01
8.571434023514837852e-01
8.522732735266567161e-01
8.474581743770247533e-01
8.426971774363773982e-01
8.379893759640053563e-01
8.333338833689929448e-01
8.287298326535953441e-01
8.241763758749605095e-01
8.196726836245078474e-01
8.152179445242766498e-01
8.108113647396137935e-01
8.064521675075781992e-01
8.021395926804777421e-01
7.978728962839756189e-01
7.936513500892217188e-01
7.894742411985000707e-01
7.853408716438875503e-01
7.812505579984594384e-01
7.772026309995782034e-01
7.731964351838351845e-01
7.692313285332236239e-01
7.653066821321439228e-01
7.614218798348550976e-01
7.575763179430047289e-01
7.537694048928778034e-01
7.500005609520337124e-01
7.462692179249944546e-01
7.425748188676756234e-01
7.389168178102595297e-01
7.352946794882184722e-01
7.317078790812083788e-01
7.281559019595709170e-01
7.246382434381802851e-01
7.211544085373927659e-01
7.177039117508584587e-01
7.142862768199655932e-01
7.109010365147003796e-01
7.075477324207081198e-01
7.042259147323542967e-01
7.009351420515834707e-01
6.976749811923967926e-01
6.944450069907563972e-01
6.912448021197484804e-01
6.880739569098329733e-01
6.849320691740163891e-01
6.818187440377951880e-01
6.787335937737144498e-01
6.756762376403983028e-01
6.726463017259105559e-01
6.696434187953139716e-01
6.666672281422897361e-01
6.637173754447018847e-01
6.607935126239738999e-01
6.578952977081702347e-01
6.550223946986630796e-01
6.521744734402777910e-01
6.493512094948113988e-01
6.465522840178216102e-01
6.437773836385893844e-01
6.410262003431594913e-01
6.382984313603649040e-01
6.355937790507537599e-01
6.329119507983234083e-01
6.302526589049849415e-01
6.276156204876807143e-01
6.250005573780683665e-01
6.224071960247073987e-01
6.198352673976670335e-01
6.172845068954920800e-01
6.147546542544548576e-01
6.122454534600304532e-01
6.097566526605306958e-01
6.072880040828365633e-01
6.048392639501682932e-01
6.024101924018384624e-01
6.000005534149288611e-01
5.976101147278429782e-01
5.952386477656741448e-01
5.928859275673483697e-01
5.905517327144842454e-01
5.882358452619289579e-01
5.859380506699221058e-01
5.836581377378422530e-01
5.813958985394960255e-01
5.791511283599036775e-01
5.769236256335465995e-01
5.747131918840318043e-01
5.725196316651394168e-01
5.703427525032147560e-01
5.681823648408700356e-01
5.660382819819600453e-01
5.639103200378001723e-01
5.617982978745911238e-01
5.597020370620224838e-01
5.576213618230222435e-01
5.555560989846216602e-01
5.535060779299115774e-01
5.514711305510521244e-01
5.494510912033228056e-01
5.474457966601731229e-01
5.454550860692559677e-01
5.434788009094175809e-01
5.415167849486168805e-01
5.395688842027560606e-01
5.376349468953935951e-01
5.357148234183219948e-01
5.338083662929875572e-01
5.319154301327306822e-01
5.300358716058253261e-01
5.281695493993028290e-01
5.263163241835326911e-01
5.244760585775508632e-01
5.226486171151092375e-01
5.208338662114357920e-01
5.190316741306812975e-01
5.172419109540421500e-01
5.154644485485402328e-01
5.136991605364430447e-01
5.119459222653106600e-01
5.102046107786540885e-01
5.084751047871906016e-01
5.067572846406817044e-01
5.050510323003387647e-01
5.033562313117864173e-01
5.016727667785667588e-01
5.000005253361740065e-01
4.983393951266070765e-01
4.966892657734277572e-01
4.950500283573113225e-01
4.934215753920820902e-01
4.918038008012188822e-01
4.901965998948207837e-01
4.885998693470244847e-01
4.870135071738607713e-01
4.854374127115402837e-01
4.838714865951618815e-01
4.823156307378279606e-01
4.807697483101655012e-01
4.792337437202374151e-01
4.777075225938371972e-01
4.761909917551612192e-01
4.746840592078457322e-01
4.731866341163640799e-01
4.716986267877744110e-01
4.702199486538108375e-01
4.687505122533108803e-01
4.672902312149699311e-01
4.658390202404186775e-01
4.643967950876140005e-01
4.629634725545377361e-01
4.615389704631963630e-01
4.601232076439144558e-01
4.587161039199181278e-01
4.573175800921981393e-01
4.559275579246515053e-01
4.545459601294907781e-01
4.531727103529194500e-01
4.518077331610667047e-01
4.504509540261734113e-01
4.491022993130283081e-01
4.477616962656464361e-01
4.464290729941846614e-01
4.451043584620922866e-01
4.437874824734867052e-01
4.424783756607558738e-01
4.411769694723766677e-01
4.398831961609490082e-01
4.385969887714397664e-01
4.373182811296328354e-01
4.360470078307786546e-01
4.347831042284441283e-01
4.335265064235530597e-01
4.322771512536177085e-01
4.310349762821561459e-01
4.297999197882902411e-01
4.285719207565230060e-01
4.273509188666910208e-01
4.261368544840865580e-01
4.249296686497490705e-01
4.237293030709211594e-01
4.225357001116645250e-01
4.213488027836357341e-01
4.201685547370160312e-01
4.189949002515931387e-01
4.178277842279928267e-01
4.166671521790558108e-01
4.155129502213584791e-01
4.143651250668739516e-01
4.132236240147710848e-01
4.120883949433481463e-01
4.109593863021009374e-01
4.098365471039175367e-01
4.087198269174040499e-01
4.076091758593338721e-01
4.065045445872196295e-01
4.054058842920061911e-01
4.043131466908813088e-01
4.032262840202025522e-01
4.021452490285382098e-01
4.010699949698189326e-01
4.000004755966004022e-01
3.989366451534318569e-01
3.978784583703314226e-01
3.968258704563646377e-01
3.957788370933240651e-01
3.947373144295101000e-01
3.937012590736079232e-01
3.926706280886619327e-01
3.916453789861439883e-01
3.906254697201149151e-01
3.896108586814763242e-01
3.886015046923117500e-01
3.875973670003161620e-01
3.865984052733116849e-01
3.856045795938464193e-01
3.846158504538785827e-01
3.836321787495404201e-01
3.826535257759829944e-01
3.816798532223000806e-01
3.807111231665282203e-01
3.797472980707235490e-01
3.787883407761138965e-01
3.778342144983217743e-01
3.768848828226625258e-01
3.759403096995105331e-01
3.750004594397362001e-01
3.740652967102116033e-01
3.731347865293815902e-01
3.722088942629026009e-01
3.712875856193451618e-01
3.703708266459607157e-01
3.694585837245097926e-01
3.685508235671540733e-01
3.676475132124059075e-01
3.667486200211395042e-01
3.658541116726591325e-01
3.649639561608259974e-01
3.640781217902404054e-01
3.631965771724794401e-01
3.623192912223902606e-01
3.614462331544354701e-01
3.605773724790928281e-01
3.597126789993049800e-01
3.588521228069817548e-01
3.579956742795517011e-01
3.571433040765629174e-01
3.562949831363325659e-01
3.554506826726435698e-01
3.546103741714897173e-01
3.537740293878638420e-01
3.529416203425945753e-01
3.521131193192255093e-01
3.512884988609390469e-01
3.504677317675234383e-01
3.496507910923818407e-01
3.488376501395831220e-01
3.480282824609544079e-01
3.472226618532130993e-01
3.464207623551391890e-01
3.456225582447864375e-01
3.448280240367324612e-01
3.440371344793655695e-01
3.432498645522104042e-01
3.424661894632887726e-01
3.416860846465176182e-01
3.409095257591416295e-01
3.401364886792016540e-01
3.393669495030364747e-01
3.386008845428195579e-01
3.378382703241274987e-01
3.370790835835436594e-01
3.363233012662913968e-01
3.355709005239007059e-01
3.348218587119059508e-01
3.340761533875735156e-01
3.333337623076611522e-01
3.325946634262055279e-01
3.318588348923402487e-01
3.311262550481425260e-01
3.303969024265083210e-01
3.296707557490553553e-01
3.289477939240535997e-01
3.282279960443832967e-01
3.275113413855197386e-01
3.267978094035439152e-01
3.260873797331795831e-01
3.253800321858555389e-01
3.246757467477935366e-01
3.239745035781202986e-01
3.232762830070045612e-01
3.225810655338178790e-01
3.218888318253191327e-01
3.211995627138625187e-01
3.205132391956277416e-01
3.198298424288744668e-01
3.191493537322172558e-01
3.184717545829235386e-01
3.177970266152332357e-01
3.171251516186989750e-01
3.164561115365481792e-01
3.157898884640650827e-01
3.151264646469938424e-01
3.144658224799609658e-01
3.138079445049184457e-01
3.131528134096056570e-01
3.125004120260306273e-01
3.118507233289706804e-01
3.112037304344911215e-01
3.105594165984827404e-01
3.099177652152174112e-01
3.092787598159214557e-01
3.086423840673665486e-01
3.080086217704781637e-01
3.073774568589610623e-01
3.067488733979414350e-01
3.061228555826264741e-01
3.054993877369787669e-01
3.048784543124085089e-01
3.042600398864807598e-01
3.036441291616386873e-01
3.030307069639418538e-01
3.024197582418203245e-01
3.018112680648435409e-01
3.012052216225039603e-01
3.006016042230156282e-01
3.000004012921267393e-01
2.994015983719469087e-01
2.988051811197877106e-01
2.982111353070181492e-01
2.976194468179326758e-01
2.970301016486334711e-01
2.964430859059252188e-01
2.958583858062235339e-01
2.952759876744763812e-01
2.946958779430975950e-01
2.941180431509133886e-01
2.935424699421211869e-01
2.929691450652606721e-01
2.923980553721965969e-01
2.918291878171138665e-01
2.912625294555240552e-01
2.906980674432836365e-01
2.901357890356232039e-01
2.895756815861890154e-01
2.890177325460940860e-01
2.884619294629811037e-01
2.879082599800966147e-01
2.873567118353747563e-01
2.868072728605321475e-01
2.862599309801728276e-01
2.857146742109042403e-01
2.851714906604620459e-01
2.846303685268457007e-01
2.840912960974637524e-01
2.835542617482888494e-01
2.830192539430220200e-01
2.824862612322666111e-01
2.819552722527118860e-01
2.814262757263251147e-01
2.808992604595528797e-01
2.803742153425322625e-01
2.798511293483096907e-01
2.793299915320687776e-01
2.788107910303674331e-01
2.782935170603826891e-01
2.777781589191643530e-01
2.772647059828968197e-01
2.767531477061687673e-01
2.762434736212517894e-01
2.757356733373857449e-01
2.752297365400731000e-01
2.747256529903802091e-01
2.742234125242470899e-01
2.737230050518036917e-01
2.732244205566946027e-01
2.727276490954103627e-01
