1.000000000000000000e+00
9.803921924031130386e-01
9.615385299116125939e-01
9.433963251411570106e-01
9.259260527304614685e-01
9.090910618851394398e-01
8.928573197203675260e-01
8.771931816200685406e-01
8.620691853520029424e-01
8.474578661202751828e-01
8.333335901125618062e-01
8.196724044197177816e-01
8.064519014792719265e-01
7.936510964290443004e-01
7.812503159588466417e-01
7.692310974220112341e-01
7.575760971185865333e-01
7.462690067919649506e-01
7.352944774934474514e-01
7.246380500672705560e-01
7.142860915940514310e-01
7.042257372052032061e-01
6.944448367461439897e-01
6.849319058233427349e-01
6.756760808205221069e-01
6.666670775135585814e-01
6.578951529526240183e-01
6.493510703145468632e-01
6.410260664588333102e-01
6.329118219477869456e-01
6.250004333151149005e-01
6.172843873887110533e-01
6.097565374922566672e-01
6.024100813671846577e-01
5.952385406716464988e-01
5.882357419266081022e-01
5.813957987912857783e-01
5.747130955609667247e-01
5.681822717899749353e-01
5.617982079512910953e-01
5.555560120521959577e-01
5.494510071323994715e-01
5.434787195775063751e-01
5.376348681864524526e-01
5.319153539367637018e-01
5.263162503962171002e-01
5.208337947337757790e-01
5.154643792865445384e-01
5.102045436430358016e-01
5.050509672062377664e-01
5.000004622028959567e-01
4.950499671080856312e-01
4.901965404565748474e-01
4.854373550146882099e-01
4.807696922884109880e-01
4.761909373453131478e-01
4.716985739295750379e-01
4.672901798509330185e-01
4.629634226297977273e-01
4.587160553820880393e-01
4.545459129285303046e-01
4.504509081142639149e-01
4.464290283256120428e-01
4.424783321918010492e-01
4.385969464602754164e-01
4.347830630350375536e-01
4.310349361681781177e-01
4.273508797954298499e-01
4.237292650072013722e-01
4.201685176471227079e-01
4.166671160306624766e-01
4.132235887768714311e-01
4.098365127467624158e-01
4.065045110822557706e-01
4.032262513400158288e-01
4.000004437148620418e-01
3.968258393477802626e-01
3.937012287138692002e-01
3.906254400858542031e-01
3.875973380690628245e-01
3.846158222040185204e-01
3.816798256330372618e-01
3.787883138274329431e-01
3.759402833721427473e-01
3.731347608047712039e-01
3.703708015062338599e-01
3.676474886403414688e-01
3.649639321398261416e-01
3.623192677364545089e-01
3.597126560330045630e-01
3.571432816150165723e-01
3.546103522003403730e-01
3.521130978246185816e-01
3.496507700609444158e-01
3.472226412720340050e-01
3.448280038933432823e-01
3.424661697456458098e-01
3.401364693756689372e-01
3.378382514234603562e-01
3.355708820152299432e-01
3.333337441804785084e-01
3.311262372922859631e-01
3.289477765296944245e-01
3.267977923611732338e-01
3.246757300482100983e-01
3.225810491681163628e-01
3.205132231551875432e-01
3.184717388593976128e-01
3.164560961218530477e-01
3.144658073662666142e-01
3.125003972057513457e-01
3.105594020642676867e-01
3.086423698120915882e-01
3.067488594147005365e-01
3.048784405945058062e-01
3.030306935048842631e-01
3.012052084159937970e-01
2.994015854118747821e-01
2.976194340983710496e-01
2.958583733214198985e-01
2.941180308952845990e-01
2.923980433403226553e-01
2.906980556299020302e-01
2.890177209460949026e-01
2.873567004437946881e-01
2.857146630229215889e-01
2.840912851083944868e-01
2.824862504375586503e-01
2.808992498547825400e-01
2.793299811129359433e-01
2.777781486814886458e-01
2.762434635609682942e-01
2.747256431035362545e-01
2.732244108394453752e-01
2.717394963091575022e-01
2.702706349009054709e-01
2.688175676934946856e-01
2.673800413041493296e-01
2.659578077412134700e-01
2.645506242615296988e-01
2.631582532323200052e-01
2.617804619974070657e-01
2.604170227476144683e-01
2.590677123951975469e-01
2.577323124521566089e-01
2.564106089122950016e-01
2.551023921368875125e-01
2.538074567438305951e-01
2.525256015001524634e-01
2.512566292177629279e-01
2.500003466523321172e-01
2.487565644051864810e-01
2.475250968281197117e-01
2.463057619310162205e-01
2.450983812921929406e-01
2.439027799713636702e-01
2.427187864251393046e-01
2.415462324249776915e-01
2.403849529774991500e-01
2.392347862470909636e-01
2.380955734807218560e-01
2.369671589348956442e-01
2.358493898046712944e-01
2.347421161546827117e-01
2.336451908520930376e-01
2.325584695014193404e-01
2.314818103811679406e-01
2.304150743822213909e-01
2.293581249479227646e-01
2.283108280157989944e-01
2.272730519608758548e-01
2.262446675405304086e-01
2.252255478408348166e-01
2.242155682243431314e-01
2.232146062792772501e-01
2.222225417700675332e-01
2.212392565892068452e-01
2.202646347103763835e-01
2.192985621428062970e-01
2.183409268868308772e-01
2.173916188906040714e-01
2.164505300079385686e-01
2.155175539572359578e-01
2.145925862814736240e-01
2.136755243092187395e-01
2.127662671166362929e-01
2.118647154904642893e-01
2.109707718919253683e-01
2.100843404215488597e-01
2.092053267848754394e-01
2.083336382590196267e-01
2.074691836600641714e-01
2.066118733112636274e-01
2.057616190120323818e-01
2.049183340076954074e-01
2.040819329599802556e-01
2.032523319182278077e-01
2.024294482913034654e-01
2.016132008201870773e-01
2.008035095512240853e-01
2.000002958100176864e-01
1.992034821759458008e-01
1.984129924572849146e-01
1.976287516669229805e-01
1.968506859986473567e-01
1.960787228039890528e-01
1.953127905696113442e-01
1.945528188952248272e-01
1.937987384720173678e-01
1.930504810615825684e-01
1.923079794753354832e-01
1.915711675544008452e-01
1.908399801499620907e-01
1.901143531040589418e-01
1.893942232308211682e-01
1.886795282981270916e-01
1.879702070096759825e-01
1.872661989874635502e-01
1.865674447546495363e-01
1.858738857188071969e-01
1.851854641555454872e-01
1.845021231924936223e-01
1.838238067936389386e-01
1.831504597440089532e-01
1.824820276346889036e-01
1.818184568481660823e-01
1.811596945439931106e-01
1.805056886447612419e-01
1.798563878223764234e-01
1.792117414846314816e-01
1.785716997620645785e-01
1.779362134950991381e-01
1.773052342214573862e-01
1.766787141638406777e-01
1.760566062178696711e-01
1.754388639402789107e-01
1.748254415373589887e-01
1.742162938536400141e-01
1.736113763608113647e-01
1.730106451468708118e-01
1.724140569054988803e-01
1.718215689256517298e-01
1.712331390813681686e-01
1.706487258217851688e-01
1.700682881613574671e-01
1.694917856702758407e-01
1.689191784650796446e-01
1.683504271994589740e-01
1.677854930552422907e-01
1.672243377335644599e-01
1.666669234462117566e-01
1.661132129071391794e-01
1.655631693241565727e-01
1.650167563907791179e-01
1.644739382782385850e-01
1.639346796276523466e-01
1.633989455423450199e-01
1.628667015803210161e-01
1.623379137468832778e-01
1.618125484873954023e-01
1.612905726801838191e-01
1.607719536295770801e-01
1.602566590590789875e-01
1.597446571046723385e-01
1.592359163082508744e-01
1.587304056111762396e-01
1.582280943479573154e-01
1.577289522400490418e-01
1.572329493897684782e-01
1.567400562743252457e-01
1.562502437399635458e-01
1.557634829962143974e-01
1.552797456102541773e-01
1.547990035013682708e-01
1.543212289355177791e-01
1.538463945200054250e-01
1.533744731982407405e-01
1.529054382446005667e-01
1.524392632593838948e-01
1.519759221638585511e-01
1.515153891953983090e-01
1.510576389027074862e-01
1.506026461411326123e-01
1.501503860680577507e-01
1.497008341383835872e-01
1.492539661000862328e-01
1.488097579898565170e-01
1.483681861288159154e-01
1.479292271183096086e-01
1.474928578357725673e-01
1.470590554306702435e-01
1.466277973205092899e-01
1.461990611869190826e-01
1.457728249718014124e-01
1.453490668735475388e-01
1.449277653433209967e-01
1.445088990814046848e-01
1.440924470336113206e-01
1.436783883877557066e-01
1.432667025701876706e-01
1.428573692423844299e-01
1.424503682976010766e-01
1.420456798575785440e-01
1.416432842693069738e-01
1.412431621018444272e-01
1.408452941431890260e-01
1.404496613972041064e-01
1.400562450805947490e-01
1.396650266199352675e-01
1.392759876487460746e-01
1.388891100046196481e-01
1.385043757263937914e-01
1.381217670513722739e-01
1.377412664125908515e-01
1.373628564361290272e-01
1.369865199384650845e-01
1.366122399238755281e-01
1.362399995818762699e-01
1.358697822847057812e-01
1.355015715848492397e-01
1.351353512126027556e-01
1.347711050736770111e-01
1.344088172468395070e-01
1.340484719815947801e-01
1.336900536959017838e-01
1.333335469739279633e-01
1.329789365638388843e-01
1.326262073756231952e-01
1.322753444789522281e-01
1.319263331010733231e-01
1.315791586247363754e-01
1.312338065861532732e-01
1.308902626729890883e-01
1.305485127223849073e-01
1.302085427190116385e-01
1.298703387931539055e-01
1.295338872188240009e-01
1.291991744119047603e-01
1.288661869283214689e-01
1.285349114622417466e-01
1.282053348443033813e-01
1.278774440398689483e-01
1.275512261473075171e-01
1.272266683963025058e-01
1.269037581461850972e-01
1.265824828842932182e-01
1.262628302243553602e-01
1.259447879048986585e-01
1.256283437876811182e-01
1.253134858561472664e-01
1.250002022139072855e-01
1.246884810832384477e-01
1.243783108036093654e-01
1.240696798302258763e-01
1.237625767325986476e-01
1.234569901931320546e-01
1.231529090057338210e-01
1.228503220744454061e-01
1.225492184120919592e-01
1.222495871389526201e-01
1.219514174814502888e-01
1.216546987708600619e-01
1.213594204420369305e-01
1.210655720321616585e-01
1.207731431795050353e-01
1.204821236222099190e-01
1.201925031970909469e-01
1.199042718384511208e-01
1.196174195769161563e-01
1.193319365382844305e-01
1.190478129423946374e-01
1.187650391020084462e-01
1.184836054217096313e-01
1.182035023968188575e-01
1.179247206123234804e-01
1.176472507418227231e-01
1.173710835464876340e-01
1.170962098740356838e-01
1.168226206577196308e-01
1.165503069153307203e-01
1.162792597482154855e-01
1.160094703403066474e-01
1.157409299571671712e-01
1.154736299450475900e-01
1.152075617299565258e-01
1.149427168167438396e-01
1.146790867881965492e-01
1.144166633041471398e-01
1.141554381005938645e-01
1.138954029888335773e-01
1.136365498546057090e-01
1.133788706572484012e-01
1.131223574288660605e-01
1.128670022735078909e-01
1.126127973663578058e-01
1.123597349529351086e-01
1.121078073483059850e-01
1.118570069363056529e-01
1.116073261687707124e-01
1.113587575647820294e-01
1.111112937099174303e-01
1.108649272555146809e-01
1.106196509179439291e-01
1.103754574778897102e-01
1.101323397796432069e-01
1.098902907304026011e-01
1.096493032995838057e-01
1.094093705181395509e-01
1.091704854778874773e-01
1.089326413308473601e-01
1.086958312885865779e-01
1.084600486215742676e-01
1.082252866585439038e-01
1.079915387858641496e-01
1.077587984469176030e-01
1.075270591414879684e-01
1.072963144251547207e-01
1.070665579086957919e-01
1.068377832574979036e-01
1.066099841909742413e-01
1.063831544819897890e-01
1.061572879562939498e-01
1.059323784919602579e-01
1.057084200188332379e-01
1.054854065179823414e-01
1.052633320211628504e-01
1.050421906102831926e-01
1.048219764168795698e-01
1.046026836215965122e-01
1.043843064536744553e-01
1.041668391904435054e-01
1.039502761568235345e-01
1.037346117248304500e-01
1.035198403130887790e-01
1.033059563863501229e-01
1.030929544550175242e-01
1.028808290746759529e-01
1.026695748456283031e-01
1.024591864124373419e-01
1.022496584634730865e-01
1.020409857304656609e-01
1.018331629880640660e-01
1.016261850533996397e-01
1.014200467856555404e-01
1.012147430856408792e-01
1.010102688953703615e-01
1.008066191976488696e-01
1.006037890156611658e-01
1.004017734125663558e-01
1.002005674910975003e-01
1.000001663931657236e-01
9.980056529946931820e-02
9.960175942910730329e-02
9.940374403919791102e-02
9.920651442450116597e-02
9.901006591704636373e-02
9.881439388576376825e-02
9.861949373612065306e-02
9.842536090976167218e-02
9.823199088415361657e-02
9.803937917223395915e-02
9.784752132206418762e-02
9.765641291648632927e-02
9.746604957278422188e-02
9.727642694234857335e-02
9.708754071034549071e-02
9.689938659538954724e-02
9.671196034922016627e-02
9.652525775638176597e-02
9.633927463390780377e-02
9.615400683100848445e-02
9.596945022876193776e-02
9.578560073980865730e-02
9.560245430805029698e-02
9.542000690835089616e-02
9.523825454624221254e-02
9.505719325763230254e-02
9.487681910851704370e-02
9.469712819469557064e-02
9.451811664148805636e-02
9.433978060345792060e-02
9.416211626413580060e-02
9.398511983574771300e-02
9.380878755894565824e-02
9.363311570254169436e-02
9.345810056324443948e-02
9.328373846539911307e-02
9.311002576073004744e-02
9.293695882808634956e-02
9.276453407319018574e-02
9.259274792838805002e-02
9.242159685240454448e-02
9.225107733009926814e-02
9.208118587222592633e-02
9.191191901519452090e-02
9.174327332083585806e-02
9.157524537616880400e-02
9.140783179316999685e-02
9.124102920854625098e-02
9.107483428350912624e-02
9.090924370355238371e-02
