3.000000000000000000e+00
2.881230720000000023e+00
2.765036127468475158e+00
2.651565138332308003e+00
2.540940639907607768e+00
2.433261683546022347e+00
2.328605565440537095e+00
2.227029794333188928e+00
2.128573946144015849e+00
2.033261406596030163e+00
1.941101003774111877e+00
1.852088533252077340e+00
1.766208178974440379e+00
1.683433833507598454e+00
1.603730321596919417e+00
1.527054531197020282e+00
1.453356456296039267e+00
1.382580155942837230e+00
1.314664633919309100e+00
1.249544643487463524e+00
1.187151421590593392e+00
1.127413356806666433e+00
1.070256595245961950e+00
1.015605588459221442e+00
9.633835872815682544e-01
9.135130853850840227e-01
8.659162161524287527e-01
8.205151063180943227e-01
7.772321896551082077e-01
7.359904838152639961e-01
6.967138332618753038e-01
6.593271210670198501e-01
6.237564521813629970e-01
5.899293106248142404e-01
5.577746928912153956e-01
5.272232197105048979e-01
4.982072281677864534e-01
4.706608460407163963e-01
4.445200500848430769e-01
4.197227098710408222e-01
3.962086186600649595e-01
3.739195126864472973e-01
3.527990801173991331e-01
3.327929608519726301e-01
3.138487382312966645e-01
2.959159236420789707e-01
2.789459349125561483e-01
2.628920693224729987e-01
2.477094719762464869e-01
2.333551002210103309e-01
2.197876847284906954e-01
2.069676878014147792e-01
1.948572594111591394e-01
1.834201914233765107e-01
1.726218704221752775e-01
1.624292295008366027e-01
1.528106993478359210e-01
1.437361589208696333e-01
1.351768859684828739e-01
1.271055076285544927e-01
1.194959513051357392e-01
1.123233959997882170e-01
1.055642242504527678e-01
9.919597480984979065e-02
9.319729617630984064e-02
8.754790107262133692e-02
8.222852195282404075e-02
7.722086760274957107e-02
7.250758088739103768e-02
6.807219768676614491e-02
6.389910705171435168e-02
5.997351260194354328e-02
5.628139518052342749e-02
5.280947677182676325e-02
4.954518568356737485e-02
4.647662298800130098e-02
4.359253021247673499e-02
4.088225826527680518e-02
3.833573757903747936e-02
3.594344945088723264e-02
3.369639855579546761e-02
3.158608660738718155e-02
2.960448713863873468e-02
2.774402137337576152e-02
2.599753515831232029e-02
2.435827692446798295e-02
2.281987664614609779e-02
2.137632576522438543e-02
2.002195804827301695e-02
1.875143134395226147e-02
1.755971020823070272e-02
1.644204936518646465e-02
1.539397797149099148e-02
1.441128465311138258e-02
1.349000328328900378e-02
1.262639947144633852e-02
1.181695773332886411e-02
1.105836931339381282e-02
1.034752063120370456e-02
9.681482324360770816e-03
9.057498861321717706e-03
8.472978698253572083e-03
7.925484954925033146e-03
7.412726585468256899e-03
6.932550020688937539e-03
6.482931259443531699e-03
6.061968387438399115e-03
5.667874502632855305e-03
5.298971027244521285e-03
4.953681387158226195e-03
4.630525040327401060e-03
4.328111836527591925e-03
4.045136691574247045e-03
3.780374559850020917e-03
3.532675689699777202e-03
3.300961146943551770e-03
3.084218592428372534e-03
2.881498300188892105e-03
2.691909403413877532e-03
2.514616356020807787e-03
2.348835598224119619e-03
2.193832415044156756e-03
2.048917977243886000e-03
1.913446554699168179e-03
1.786812892706196544e-03
1.668449742207073379e-03
1.557825535371730116e-03
1.454442198412114664e-03
1.357833093923162997e-03
1.267561085445150903e-03
1.183216717324078130e-03
1.104416503311375208e-03
1.030801317691962173e-03
9.620348830611524793e-04
8.978023491866145810e-04
8.378089576921695985e-04
7.817787875861953797e-04
7.294535769293620554e-04
6.805916161949142427e-04
6.349667091202929135e-04
5.923671970820612847e-04
5.525950432474230215e-04
5.154649729655854697e-04
4.808036670613244422e-04
4.484490048818467328e-04
4.182493541268752168e-04
3.900629046612651639e-04
3.637570436698322161e-04
3.392077696658551988e-04
3.162991430083329065e-04
2.949227707188939581e-04
2.749773235176874997e-04
2.563680831189656855e-04
2.390065179417659685e-04
2.228098854994466364e-04
2.077008598341398217e-04
1.936071824587784376e-04
1.804613353605144022e-04
1.682002347053604212e-04
1.567649439650276098e-04
1.461004052634459847e-04
1.361551878125994569e-04
1.268812523753056788e-04
1.182337307566522293e-04
1.101707193861740681e-04
1.026530861097246241e-04
9.564428936354547536e-05
8.911020895346133733e-05
8.301898770958905487e-05
7.734088333161723110e-05
7.204812978174272430e-05
6.711480762188868526e-05
6.251672272901878506e-05
5.823129285733363099e-05
5.423744154901646885e-05
5.051549892610592821e-05
4.704710892512360562e-05
4.381514256338504712e-05
4.080361685157206863e-05
3.799761899123917433e-05
3.538323551855878063e-05
3.294748607686186106e-05
3.067826152048643918e-05
2.856426607117996708e-05
2.659496326588621791e-05
2.476052545125128295e-05
2.305178659566942185e-05
2.146019820422015467e-05
1.997778813547900075e-05
1.859712213196992739e-05
1.731126788801911091e-05
1.611376149001395874e-05
1.499857607461477491e-05
1.396009256035024016e-05
1.299307231729321529e-05
1.209263164819702631e-05
1.125421796261041123e-05
1.047358753311478690e-05
9.746784729972017303e-06
9.070122637163969957e-06
8.440164959074527613e-06
7.853709132936693464e-06
7.307770567666549075e-06
6.799567934855047595e-06
6.326509442509960061e-06
5.886180026653934673e-06
5.476329400109841019e-06
5.094860901759459549e-06
4.739821093262883546e-06
4.409390053689885360e-06
4.101872325755608386e-06
3.815688470385558015e-06
3.549367189171959698e-06
3.301537976937540296e-06
3.070924269105303930e-06
2.856337050894694232e-06
2.656668897535954222e-06
2.470888416725013871e-06
2.298035066439878396e-06
2.137214323014642681e-06
1.987593176026796369e-06
1.848395928104879626e-06
1.718900279213633382e-06
1.598433676329138363e-06
1.486369910683120405e-06
1.382125945939312379e-06
1.285158961770855136e-06
1.194963598341232176e-06
1.111069388156806722e-06
1.033038362661097283e-06
9.604628217836004250e-07
8.929632554430849187e-07
8.301864067404633220e-07
7.718034672629664003e-07
7.175083955625711978e-07
6.670163504704198058e-07
6.200622314680798313e-07
5.763993188585471565e-07
5.357980069672781545e-07
4.980446240585620810e-07
4.629403330772948585e-07
4.303001077227101094e-07
3.999517787306980233e-07
3.717351455867458467e-07
3.455011492138876271e-07
3.211111014808745984e-07
2.984359676564944201e-07
2.773556981978989797e-07
2.577586065052018683e-07
2.395407895026222996e-07
2.226055881191791927e-07
2.068630849403906203e-07
1.922296364875479537e-07
1.786274377538109618e-07
1.659841167874256603e-07
1.542323572625787832e-07
1.433095471184963379e-07
1.331574514780376028e-07
1.237219081788669795e-07
1.149525443638873896e-07
1.068025126835467444e-07
9.922824576138981212e-08
9.218922766630860341e-08
8.564778122078731690e-08
7.956887005446431868e-08
7.391991438693417468e-08
6.867061959324923786e-08
6.379281667039713190e-08
5.926031378344157794e-08
5.504875812631862007e-08
5.113550738475378471e-08
4.749951013766744218e-08
4.412119457900489971e-08
4.098236498439244173e-08
3.806610538658765221e-08
3.535668996055968826e-08
3.283949965338453693e-08
3.050094462614317742e-08
2.832839210482456223e-08
2.631009926501054355e-08
2.443515080099329356e-08
2.269340085407762622e-08
2.107541899727039630e-08
1.957243999446988017e-08
1.817631707174422523e-08
1.687947845642712681e-08
1.567488695665236774e-08
1.455600236968145047e-08
1.351674652202923730e-08
1.255147075803577977e-08
1.165492570623635976e-08
1.082223316471106137e-08
1.004885995760934071e-08
9.330593625300054031e-09
8.663519820145067117e-09
8.044001288783466810e-09
7.468658330088611247e-09
6.934350625663941418e-09
6.438160346914684283e-09
5.977376449408226301e-09
5.549480071449516824e-09
5.152130959581721036e-09
4.783154849105574014e-09
4.440531732721345449e-09
4.122384955060443570e-09
3.826971075213657031e-09
3.552670443401823894e-09
3.297978441693326290e-09
3.061497342170471847e-09
2.841928739201513145e-09
2.638066515503633110e-09
2.448790304500263995e-09
2.273059414098124137e-09
2.109907179449013399e-09
1.958435714531185203e-09
1.817811034496892116e-09
1.687258522697332421e-09
1.566058718123962594e-09
1.453543400705429527e-09
1.349091953481091528e-09
1.252127982143436306e-09
1.162116173810339264e-09
1.078559378161171475e-09
1.000995895254902087e-09
9.289969554497078848e-10
8.621643778679846939e-10
8.001283948033907406e-10
7.425456303526259141e-10
6.890972223787033850e-10
6.394870776788376791e-10
5.934402509427470986e-10
5.507014387499141742e-10
5.110335804706360583e-10
4.742165585087740135e-10
4.400459908569812097e-10
4.083321094306805003e-10
3.788987181077612659e-10
3.515822248293224742e-10
3.262307425150520178e-10
3.027032539171121891e-10
2.808688358806549066e-10
2.606059387991333089e-10
2.418017173501142856e-10
2.243514088738909763e-10
2.081577560143300304e-10
1.931304704804083110e-10
1.791857350090903568e-10
1.662457408167302882e-10
1.542382580181649553e-10
1.430962366711096228e-10
1.327574362693289560e-10
1.231640816622179877e-10
1.142625435217089799e-10
1.060030416105887458e-10
9.833936923007685979e-11
9.122863733953785333e-11
8.463103694809819736e-11
7.850961847728018392e-11
7.283008688608497765e-11
6.756061143574598457e-11
6.267164905109788404e-11
5.813578030958581107e-11
5.392755715777831055e-11
5.002336151921138350e-11
4.640127401682525567e-11
4.304095208847975654e-11
3.992351682534494693e-11
3.703144791063809126e-11
3.434848608047182130e-11
3.185954256973143348e-11
2.955061504413270646e-11
2.740870955513237336e-11
2.542176808736294928e-11
2.357860129892017515e-11
2.186882608331128096e-11
2.028280760832875750e-11
1.881160551169134198e-11
1.744692395612409467e-11
1.618106526775679088e-11
1.500688690141901008e-11
1.391776149470852150e-11
1.290753978970598005e-11
1.197051621699579812e-11
1.110139695131620691e-11
1.029527026178084942e-11
9.547578992263478508e-12
8.854095019285686041e-12
8.210895545658825219e-12
7.614341098264867774e-12
7.061055107772249826e-12
6.547904956822950844e-12
6.071984391343952181e-12
5.630597197174085928e-12
5.221242051197312076e-12
4.841598462673907666e-12
4.489513726497451415e-12
4.162990815710899336e-12
3.860177145820110747e-12
3.579354148276430721e-12
3.318927594987842162e-12
3.077418619885398931e-12
2.853455387440914347e-12
2.645765361624533217e-12
2.453168132126547774e-12
2.274568757764908550e-12
2.108951589875421111e-12
1.955374541151368460e-12
1.812963767877954872e-12
1.680908735808170918e-12
1.558457642063103938e-12
1.444913167423125922e-12
1.339628535217699014e-12
1.242003854730935477e-12
1.151482728626912755e-12
1.067549105371878228e-12
9.897243589979746106e-13
9.175645798225584882e-13
8.506580609155761531e-13
7.886229662012998443e-13
7.311051670960901697e-13
6.777762355263354614e-13
6.283315820455496515e-13
5.824887285816277783e-13
5.399857060989655742e-13
5.005795681597208322e-13
4.640450120178039632e-13
4.301730994818444980e-13
3.987700703427246731e-13
3.696562416804109344e-13
3.426649868466272072e-13
3.176417883670825547e-13
2.944433594219745854e-13
2.729368289486399351e-13
2.529989857676665044e-13
2.345155774655016975e-13
2.173806600744325590e-13
2.014959948764974715e-13
1.867704889230021041e-13
1.731196761073311336e-13
1.604652358570493125e-13
1.487345467231382050e-13
1.378602723408034174e-13
1.277799774187093038e-13
1.184357715827701062e-13
1.097739790576965849e-13
1.017448323152410024e-13
9.430218795331768240e-14
8.740326319565595563e-14
8.100839151806884270e-14
7.508079601544892801e-14
6.958637922383265414e-14
6.449352820487170255e-14
5.977293378633296832e-14
5.539742293230206440e-14
5.134180329103807229e-14
4.758271903733504525e-14
4.409851719017659110e-14
4.086912364578095602e-14
3.787592822116024681e-14
3.510167805436562806e-14
3.253037875494969602e-14
3.014720274211190525e-14
2.793840424875129055e-14
2.589124050746122447e-14
2.399389866957707973e-14
2.223542804092569795e-14
2.060567724811007908e-14
1.909523597716246868e-14
1.769538095237263470e-14
1.639802584719150559e-14
1.519567484145933921e-14
1.408137955993869854e-14
1.304869914636179970e-14
1.209166324503893181e-14
1.120473767861900229e-14
1.038279262593964098e-14
9.621073118138036018e-15
8.915171684396359456e-15
8.261002990941018157e-15
7.654780328272882186e-15
7.092993812139843792e-15
6.572390173533643517e-15
6.089954022054594096e-15
5.642890475392484715e-15
5.228609055466724573e-15
4.844708758998096178e-15
4.488964216989145419e-15
4.159312863808332134e-15
3.853843042339835369e-15
3.570782977008927648e-15
3.308490551452748243e-15
3.065443832205832655e-15
2.840232284035408089e-15
2.631548626517202952e-15
2.438181285110897549e-15
2.259007393396214300e-15
2.092986306285295402e-15
1.939153586952442682e-15
1.796615432935037095e-15
1.664543509375038935e-15
1.542170159703153556e-15
