2.000000000000000000e+00
1.883157333333333350e+00
1.772459058493303097e+00
1.667651036983290647e+00
1.568481888419592574e+00
1.474704068660021683e+00
1.386074765848173129e+00
1.302356635999048162e+00
1.223318397502720423e+00
1.148735301891715466e+00
1.078389496384525303e+00
1.012070292063797172e+00
9.495743500564635120e-01
8.907057967392049136e-01
8.352762777822968498e-01
7.831049597555036490e-01
7.340184870398026584e-01
6.878509009079449843e-01
6.444435268457453514e-01
6.036448354759598178e-01
5.653102818098629800e-01
5.293021269811060137e-01
4.954892461057069930e-01
4.637469254552666342e-01
4.339566517224422437e-01
4.060058957935609447e-01
3.797878931186650098e-01
3.552014224803310416e-01
3.321505847057349414e-01
3.105445826384047314e-01
2.902975034840181712e-01
2.713281044658000241e-01
2.535596025671867371e-01
2.369194690002794645e-01
2.213392289162664783e-01
2.067542667666858736e-01
1.931036376305453328e-01
1.803298847404730121e-01
1.683788633699540016e-01
1.571995711821455033e-01
1.467439850877106933e-01
1.369669046136204327e-01
1.278258017460978946e-01
1.192806771780566127e-01
1.112939228638221978e-01
1.038301907610191949e-01
9.685626762069099449e-02
9.034095567151169404e-02
8.425495903189841873e-02
7.857077567454756606e-02
7.326259476104197976e-02
6.830619915939604991e-02
6.367887295443679097e-02
5.935931375951431638e-02
5.532754963796884806e-02
5.156486044385846790e-02
4.805370339349458730e-02
4.477764268218802080e-02
4.172128296413787213e-02
3.887020651748052114e-02
3.621091392104811707e-02
3.373076807427403956e-02
3.141794139684356280e-02
2.926136605005298652e-02
2.725068702734476100e-02
2.537621796707972138e-02
2.362889954624139074e-02
2.200026031940457635e-02
2.048237987290506268e-02
1.906785416969296321e-02
1.774976296581327537e-02
1.652163918481503249e-02
1.537744014162793944e-02
1.431152051254962025e-02
1.331860695294715888e-02
1.239377426908535619e-02
1.153242305514497017e-02
1.073025871098324049e-02
9.983271760513388535e-03
9.287719394738422340e-03
8.640108167467408506e-03
8.037177775570213470e-03
7.475885859291399142e-03
6.953393761648038462e-03
6.467053189282446005e-03
6.014393720333109823e-03
5.593111107929099254e-03
5.201056330809206325e-03
4.836225345321652769e-03
4.496749495677784814e-03
4.180886541818721810e-03
3.887012266612189810e-03
3.613612626332620738e-03
3.359276410495996151e-03
3.122688379126566278e-03
2.902622847430469215e-03
2.697937689645951535e-03
2.507568735536149732e-03
2.330524534592656218e-03
2.165881464530838418e-03
2.012779162085386476e-03
1.870416255461007562e-03
1.738046379062569563e-03
1.614974452325231664e-03
1.500553205591936660e-03
1.394179937046640966e-03
1.295293485710339448e-03
1.203371406446564727e-03
1.117927333806822358e-03
1.038508522377362339e-03
9.646935520697141365e-04
8.960901875312754419e-04
8.323333815415724125e-04
7.730834129071333279e-04
7.180241499756014317e-04
6.668614314600358143e-04
6.193215567994630241e-04
5.751498787836897570e-04
5.341094916410949736e-04
4.959800082294508984e-04
4.605564203834750328e-04
4.276480368604709294e-04
3.970774936886012504e-04
3.686798320625422508e-04
3.423016392498657570e-04
3.178002482698054571e-04
2.950429923853220560e-04
2.739065107107482985e-04
2.542761014818783506e-04
2.360451197641944866e-04
2.191144165889822399e-04
2.033918167072819403e-04
1.887916323388373542e-04
1.752342104682334139e-04
1.626455114040385275e-04
1.509567164696996996e-04
1.401038628378565394e-04
1.300275036532801403e-04
1.206723917144023419e-04
1.119871850999409326e-04
1.039241732359702904e-04
9.643902200043541180e-05
8.949053655701568128e-05
8.304044069885673863e-05
7.705317156540314233e-05
7.149568867277283977e-05
6.633729627016647960e-05
6.154947810204306608e-05
5.710574371852884909e-05
5.298148553505562864e-05
4.915384589682180816e-05
4.560159345459630943e-05
4.230500820587936489e-05
3.924577459972648433e-05
3.640688214484037353e-05
3.377253299904106306e-05
3.132805605412182281e-05
2.905982706356008150e-05
2.695519439174277288e-05
2.500240999243350250e-05
2.319056525129861108e-05
2.150953135255187656e-05
1.994990385329717102e-05
1.850295117106117836e-05
1.716056671042201661e-05
1.591522437365462423e-05
1.475993721802616573e-05
1.368821903887014117e-05
1.269404867293093440e-05
1.177183683077621811e-05
1.091639528039560253e-05
1.012290821650675889e-05
9.386905661637365996e-06
8.704238755800960817e-06
8.071056801591431438e-06
7.483785940835270687e-06
6.939109347609989404e-06
6.433948830505487904e-06
5.965447744513882250e-06
5.530955119920517713e-06
5.128010922070642853e-06
4.754332361935690534e-06
4.407801183031454694e-06
4.086451855476751773e-06
3.788460612852209246e-06
3.512135272050186547e-06
3.255905780521519702e-06
3.018315439245110334e-06
2.798012753392404669e-06
2.593743866049664856e-06
2.404345533514321690e-06
2.228738603614014924e-06
2.065921961223564108e-06
1.914966907690391784e-06
1.775011943236092188e-06
1.645257923593344766e-06
1.524963564174734615e-06
1.413441266964020131e-06
1.310053247080973260e-06
1.214207937607442107e-06
1.125356652783402924e-06
1.042990491095560701e-06
9.666374610950379769e-07
8.958598140018383691e-07
8.302515682886062373e-07
7.694362124907756112e-07
7.130645734701379338e-07
6.608128382694125640e-07
6.123807185414411340e-07
5.674897473227026554e-07
5.258816986511471682e-07
4.873171212068502476e-07
4.515739777842914568e-07
4.184463829906071457e-07
3.877434321080820512e-07
3.592881145643868647e-07
3.329163059233649452e-07
3.084758327450527628e-07
2.858256050684709715e-07
2.648348116467144774e-07
2.453821734130682019e-07
2.273552509811622757e-07
2.106498022833323819e-07
1.951691867310002119e-07
1.808238125405706678e-07
1.675306241094650910e-07
1.552126265507988124e-07
1.437984447030876099e-07
1.332219141243722357e-07
1.234217017593386260e-07
1.143409541343706298e-07
1.059269710899116807e-07
9.813090320288573798e-08
9.090747118501930846e-08
8.421470566645534846e-08
7.801370588873042204e-08
7.226841593763769814e-08
6.694541724530346675e-08
6.201373618251332302e-08
5.744466564744062974e-08
5.321159963592909122e-08
4.928987985179622822e-08
4.565665348366764657e-08
4.229074133799565129e-08
3.917251557651453640e-08
3.628378636076252941e-08
3.360769675676038571e-08
3.112862529975959652e-08
2.883209566242069716e-08
2.670469291009524269e-08
2.473398586429040993e-08
2.290845513010057661e-08
2.121742637558984480e-08
1.965100848098389805e-08
1.820003620324579632e-08
1.685601702732327877e-08
1.561108189920954746e-08
1.445793955808895876e-08
1.338983420536759440e-08
1.240050626743202601e-08
1.148415602664434505e-08
1.063540991146773314e-08
9.849289251815775370e-09
9.121181319817096117e-09
8.446812489263226341e-09
7.822223359136351866e-09
7.243745697862725984e-09
6.707981075370861219e-09
6.211781059710088079e-09
5.752228863959149441e-09
5.326622337477348152e-09
4.932458203269205954e-09
4.567417450391437113e-09
4.229351796968977627e-09
3.916271145542239840e-09
3.626331958175942126e-09
3.357826484052873371e-09
3.109172777184143920e-09
2.878905446418555415e-09
2.665667084153706242e-09
2.468200324064265908e-09
2.285340481790871625e-09
2.116008735896872509e-09
1.959205809519001554e-09
1.814006116029622507e-09
1.679552334709123401e-09
1.555050384912497195e-09
1.439764769518459857e-09
1.333014260585703725e-09
1.234167902121338638e-09
1.142641306702530039e-09
1.057893224394345126e-09
9.794223639845692143e-10
9.067644480188561641e-10
8.394894844753421310e-10
7.771992391746339012e-10
7.195248941860220194e-10
6.661248785706079089e-10
6.166828588029508562e-10
5.709058771405796172e-10
5.285226270706381728e-10
4.892818557599590375e-10
4.529508841735890119e-10
4.193142362114787144e-10
3.881723688476262287e-10
3.593404958441063352e-10
3.326474981574937666e-10
3.079349146603660158e-10
2.850560072687442839e-10
2.638748950002124085e-10
2.442657518895521599e-10
2.261120640613612765e-10
2.093059416044422527e-10
1.937474812127564529e-10
1.793441758542813347e-10
1.660103680039085153e-10
1.536667432311600017e-10
1.422398611694652243e-10
1.316617211123873164e-10
1.218693596847922879e-10
1.128044782246854809e-10
1.044130976853909493e-10
9.664523902892569995e-11
8.945462723076328085e-11
8.279841715455246613e-11
7.663693968356270048e-11
7.093346661441544327e-11
6.565399292871627480e-11
6.076703516017046024e-11
5.624344466923633795e-11
5.205623472489587472e-11
4.818042037421038806e-11
4.459287015545468956e-11
4.127216878022076894e-11
3.819848997436009131e-11
3.535347872736643792e-11
3.272014225513816248e-11
3.028274903232227773e-11
2.802673529793184642e-11
2.593861848192138644e-11
2.400591704115721617e-11
2.221707623097131660e-11
2.056139937345727792e-11
1.902898421606049310e-11
1.761066400402160340e-11
1.629795291802700124e-11
1.508299555416684166e-11
1.395852014714900233e-11
1.291779525980751483e-11
1.195458968240469998e-11
1.106313530417818516e-11
1.023809273713780436e-11
9.474519488376127258e-12
8.767840492215629250e-12
8.113820827463278762e-12
7.508540457961771006e-12
6.948370846591464046e-12
6.429953303958568512e-12
5.950178943268445571e-12
5.506170122388231161e-12
5.095263262906362276e-12
4.714992944149647152e-12
4.363077177669278726e-12
4.037403774700060090e-12
3.736017725573213514e-12
3.457109516060662075e-12
3.199004311182848227e-12
2.960151942155774336e-12
2.739117636916262514e-12
2.534573439075521925e-12
2.345290264236021224e-12
2.170130546389414866e-12
2.008041430616216691e-12
1.858048471551727245e-12
1.719249800086503236e-12
1.590810723551177181e-12
1.471958727211101227e-12
1.361978847281307299e-12
1.260209387880756516e-12
1.166037956389804811e-12
1.078897793568379244e-12
9.982643765456868689e-13
9.236522744157569493e-13
8.546122376763546741e-13
7.907285041406756552e-13
7.316163052399913229e-13
6.769195578286836439e-13
6.263087277079501733e-13
5.794788521074241754e-13
5.361477093110963425e-13
4.960541244908555402e-13
4.589564016228867979e-13
4.246308721138872543e-13
3.928705514600357142e-13
3.634838959060225459e-13
3.362936516680161278e-13
3.111357898367684857e-13
2.878585205884061855e-13
2.663213808038711729e-13
2.463943896362523269e-13
2.279572669710157242e-13
2.108987100997819002e-13
1.951157242760684175e-13
1.805130031433626847e-13
1.670023553239407518e-13
1.545021737327677748e-13
1.429369444362477190e-13
1.322367921120539651e-13
1.223370593851743928e-13
1.131779175179468788e-13
1.047040061194522176e-13
9.686409971328394472e-14
8.961079916346752720e-14
8.290024610710818773e-14
7.669185868009550817e-14
7.094808694970515738e-14
6.563418658597145686e-14
6.071800941296617621e-14
5.616980958225550635e-14
5.196206420442678541e-14
4.806930736123374907e-14
4.446797650112283964e-14
4.113627029515166849e-14
3.805401709903675544e-14
3.520255323068187902e-14
3.256461033142059056e-14
3.012421113370772776e-14
2.786657300844154747e-14
2.577801871179067025e-14
2.384589379461856913e-14
2.205849017759986544e-14
2.040497543214752446e-14
1.887532734153854961e-14
1.746027334834353272e-14
1.615123452362171833e-14
1.494027372051399200e-14
1.382004760001357693e-14
1.278376223996928933e-14
1.182513205991751764e-14
1.093834181427639666e-14
1.011801142488758835e-14
9.359163440968761999e-15
8.657192930345084078e-15
8.007839620455877634e-15
7.407162121170391764e-15
6.851514073975668882e-15
6.337522083694896786e-15
5.862065299625771759e-15
5.422256522919705666e-15
5.015424726213829439e-15
4.639098880033537821e-15
4.290992988355147892e-15
3.968992243003058789e-15
3.671140213297466878e-15
3.395626993607638874e-15
3.140778237239412866e-15
2.905045010428636500e-15
2.686994405156821900e-15
2.485300854080974500e-15
2.298738095103950474e-15
2.126171737030138350e-15
1.966552381377405909e-15
1.818909258771772307e-15
1.682344341456436859e-15
1.556026896320233204e-15
1.439188445509538379e-15
1.331118104148204728e-15
1.231158266966931768e-15
1.138700617750401246e-15
1.053182437460108726e-15
9.740831886948657831e-16
9.009213558203256151e-16
8.332515216435686252e-16
7.706616629381520625e-16
7.127706484476349646e-16
6.592259242194188895e-16
6.097013722531678648e-16
5.638953294959068425e-16
5.215287551854531559e-16
4.823435354409726731e-16
4.461009148295436496e-16
4.125800454057021731e-16
3.815766444316225057e-16
3.529017526431722445e-16
3.263805855355187516e-16
3.018514707049281715e-16
2.791648648042916419e-16
2.581824441518623016e-16
2.387762634786198076e-16
2.208279777122664215e-16
2.042281220776084567e-16
1.888754461462773693e-16
1.746762977955430271e-16
1.615440533383278513e-16
1.493985903662792653e-16
1.381658001065851680e-16
1.277771363326850233e-16
1.181691980905893713e-16
1.092833437075033109e-16
1.010653337391048059e-16
9.346500068728953543e-17
