4.000000000000000000e+00
3.918473813333333222e+00
3.834183493006859234e+00
3.747545482210706602e+00
3.658954627321272746e+00
3.568783923290960836e+00
3.477384442848089563e+00
3.385085426718305257e+00
3.292194513785457133e+00
3.198998091774702068e+00
3.105761750650879893e+00
3.012730822471360703e+00
2.920130992907684853e+00
2.828168971049487279e+00
2.737033205424473259e+00
2.646894635408117313e+00
2.557907468355930192e+00
2.470209973870412412e+00
2.383925287615679345e+00
2.299162218017362314e+00
2.216016050036444085e+00
2.134569340986218311e+00
2.054892704074779530e+00
1.977045576004954341e+00
1.901076965552788156e+00
1.827026180578350090e+00
1.754923531402247550e+00
1.684791008911417309e+00
1.616642936142019149e+00
1.550486592428909960e+00
1.486322809513560550e+00
1.424146539268459355e+00
1.363947392929059088e+00
1.305710151926954943e+00
1.249415250592946336e+00
1.195039231148408820e+00
1.142555171530395652e+00
1.091933086702245870e+00
1.043140304189314360e+00
9.961418146506281213e-01
9.509005983535712137e-01
9.073779284617986551e-01
8.655336520778857956e-01
8.253264500032131412e-01
7.867140761894422241e-01
7.496535778598740762e-01
7.141014972760129087e-01
6.800140561157403951e-01
6.473473234155253664e-01
6.160573680108005767e-01
5.861003963867590372e-01
5.574328768269765089e-01
5.300116507200144378e-01
5.037940318550164776e-01
4.787378945067094493e-01
4.548017510785715700e-01
4.319448200405627825e-01
4.101270848650534484e-01
3.893093446316810424e-01
3.694532569390585053e-01
3.505213737287394271e-01
3.324771705947904277e-01
3.152850701208659845e-01
2.989104597559532617e-01
2.833197047100471377e-01
2.684801563220073906e-01
2.543601563238094276e-01
2.409290373983706268e-01
2.281571204021517196e-01
2.160157085988224923e-01
2.044770792264537507e-01
1.935144726979622920e-01
1.831020797128829480e-01
1.732150265379691634e-01
1.638293586946110714e-01
1.549220232725906088e-01
1.464708500722413653e-01
1.384545317606225567e-01
1.308526032118180749e-01
1.236454201869063435e-01
1.168141374954771439e-01
1.103406867677670655e-01
1.042077539545080145e-01
9.839875666039935020e-02
9.289782140668824406e-02
8.768976090863792039e-02
8.276005144464529395e-02
7.809481038540388997e-02
7.368077394375938116e-02
6.950527519874133420e-02
6.555622244064260307e-02
6.182207787792694254e-02
5.829183674114347263e-02
5.495500681388612585e-02
5.180158841612717002e-02
4.882205486095056446e-02
4.600733340178612962e-02
4.334878668367494331e-02
4.083819470885637765e-02
3.846773732403454410e-02
3.622997723403613424e-02
3.411784354419133275e-02
3.212461583163601919e-02
3.024390874382852645e-02
2.846965712088032202e-02
2.679610163680099660e-02
2.521777495343909339e-02
2.372948837974632463e-02
2.232631902799087770e-02
2.100359745768301534e-02
1.975689579724097464e-02
1.858201633280657378e-02
1.747498055310716530e-02
1.643201863884478919e-02
1.544955938476467658e-02
1.452422054230606552e-02
1.365279957056074293e-02
1.283226478315119788e-02
1.205974687858492669e-02
1.133253084163737302e-02
1.064804820335811184e-02
1.000386964737771597e-02
9.397697950311492687e-03
8.827361244206653745e-03
8.290806589157290185e-03
7.786093844413226848e-03
7.311389826530829625e-03
6.864962743353279599e-03
6.445176892861628759e-03
6.050487616203850325e-03
5.679436494484458101e-03
5.330646779180284178e-03
5.002819046336509645e-03
4.694727064989573720e-03
4.405213870558409919e-03
4.133188034241360928e-03
3.877620119751737197e-03
3.637539319019406341e-03
3.412030258777864946e-03
3.200229970245300516e-03
3.001325014393323339e-03
2.814548755577806101e-03
2.639178776581953961e-03
2.474534428391998980e-03
2.319974508290244784e-03
2.174895060108364073e-03
2.038727290735529128e-03
1.910935597220966148e-03
1.791015699048688478e-03
1.678492870393348286e-03
1.572920267390337957e-03
1.473877345670312642e-03
1.380968363618319044e-03
1.293820967020613321e-03
1.212084850958135111e-03
1.135430494994510431e-03
1.063547967888493068e-03
9.961457982359989312e-04
9.329499076154597597e-04
8.737026029722775406e-04
8.181616251337858574e-04
7.660992504955172443e-04
7.173014430628524068e-04
6.715670541694722688e-04
6.287070673255893815e-04
5.885438857748932859e-04
5.509106604596476341e-04
5.156506562086193282e-04
4.826166540726557937e-04
4.516703878379375913e-04
4.226820128473846310e-04
3.955296053565568069e-04
3.700986907418275253e-04
3.462817989657910288e-04
3.239780457879475376e-04
3.030927382878594815e-04
2.835370033433357462e-04
2.652274377779381817e-04
2.480857789603583955e-04
2.320385947031300064e-04
2.170169913698652116e-04
2.029563391588639840e-04
1.897960135866805513e-04
1.774791522481671165e-04
1.659524259797755686e-04
1.551658236006048664e-04
1.450724494509482974e-04
1.356283329910351327e-04
1.267922497633813112e-04
1.185255530607685226e-04
1.107920156784588219e-04
1.035576811639196058e-04
9.679072401017258832e-05
9.046131826998034405e-05
8.454151409752627092e-05
7.900512175211429726e-05
7.382760262478657554e-05
6.898596687370861025e-05
6.445867727777041846e-05
6.022555894016974918e-05
5.626771449484152835e-05
5.256744448854148662e-05
4.910817263023808509e-05
4.587437561727358728e-05
4.285151726457576342e-05
4.002598667908751099e-05
3.738504023658186355e-05
3.491674713219117287e-05
3.260993828934550431e-05
3.045415842442939457e-05
2.843962107636797420e-05
2.655716642158098719e-05
2.479822170533322898e-05
2.315476413049665259e-05
2.161928605415533596e-05
2.018476235136144311e-05
1.884461981371699787e-05
1.759270845834129171e-05
1.642327463021348325e-05
1.533093578787932560e-05
1.431065686910452321e-05
1.335772813926669820e-05
1.246774443112581742e-05
1.163658569011845594e-05
1.086039874450464012e-05
1.013558022457471973e-05
9.458760559715413072e-06
8.826788986454924869e-06
8.236719504672520312e-06
7.685797722982422862e-06
7.171448537899481920e-06
6.691264594777602390e-06
6.242995481693809138e-06
5.824537610442624420e-06
5.433924741618351457e-06
5.069319113406969776e-06
4.729003136194791639e-06
4.411371617436806080e-06
4.114924483422649284e-06
3.838259966640612708e-06
3.580068229377709445e-06
3.339125396014113413e-06
3.114287968179964389e-06
2.904487598548333137e-06
2.708726200546070881e-06
2.526071372680222687e-06
2.355652117507115241e-06
2.196654836519283434e-06
2.048319583396931428e-06
1.909936559170278478e-06
1.780842833871112410e-06
1.660419280220344474e-06
1.548087705807086477e-06
1.443308171067376926e-06
1.345576481170541193e-06
1.254421840671521616e-06
1.169404660491285613e-06
1.090114507447512443e-06
1.016168187176780449e-06
9.472079518699578425e-07
8.828998247867799417e-07
8.229320340258871707e-07
7.670135485049974863e-07
7.148727095543257055e-07
6.662559519467014759e-07
6.209266085818013281e-07
5.786637934111121157e-07
5.392613575362274142e-07
5.025269137372654837e-07
4.682809249919515744e-07
4.363558528304744183e-07
4.065953616378171409e-07
3.788535752649835959e-07
3.529943825444414915e-07
3.288907885241717565e-07
3.064243084398792679e-07
2.854844016370394136e-07
2.659679428343591550e-07
2.477787282886730676e-07
2.308270145790017101e-07
2.150290878751378815e-07
2.003068616943379145e-07
1.865875012790640764e-07
1.738030728498146641e-07
1.618902161004093950e-07
1.507898384091606783e-07
1.404468293386130694e-07
1.308097940894113539e-07
1.218308046607580982e-07
1.134651675512285553e-07
1.056712069097805391e-07
9.841006211795655655e-08
9.164549885084568508e-08
8.534373272663821897e-08
7.947326471284682596e-08
7.400472751173863002e-08
6.891074219846457543e-08
6.416578443301110841e-08
5.974605961164742788e-08
5.562938636519568631e-08
5.179508785039834764e-08
4.822389031707116687e-08
4.489782846777170266e-08
4.180015715853894912e-08
3.891526901900826416e-08
3.622861759801404214e-08
3.372664566678391671e-08
3.139671833612141666e-08
2.922706066667771269e-08
2.720669947263037878e-08
2.532540903891524608e-08
2.357366049068464846e-08
2.194257457097797785e-08
2.042387759876568652e-08
1.900986039464101907e-08
1.769333997555270432e-08
1.646762383316209574e-08
1.532647662273001742e-08
1.426408910094848647e-08
1.327504916188340874e-08
1.235431483023618480e-08
1.149718908051079035e-08
1.069929635943209706e-08
9.956560697141212529e-09
9.265185300332587905e-09
8.621633527630856646e-09
8.022611154166195475e-09
7.465049838526221913e-09
6.946091711069301254e-09
6.463075008005520595e-09
6.013520680713049398e-09
5.595119914482700005e-09
5.205722495294442114e-09
4.843325967347122692e-09
4.506065527906065561e-09
4.192204609620592230e-09
3.900126103811842496e-09
3.628324181356326962e-09
3.375396670707094667e-09
3.140037955316263341e-09
2.921032355262596798e-09
2.717247960258032283e-09
2.527630883418775190e-09
2.351199907250257794e-09
2.187041495220816763e-09
2.034305144095482097e-09
1.892199053877423439e-09
1.759986093768315572e-09
1.636980044017732081e-09
1.522542094892528066e-09
1.416077585266676030e-09
1.317032964516173193e-09
1.224892962508191373e-09
1.139177953503878714e-09
1.059441500755128504e-09
9.852680694718300161e-10
9.162708966719157935e-10
8.520900072060193729e-10
7.923903659754428765e-10
7.368601570400104506e-10
6.852091809444757765e-10
6.371673621815687270e-10
5.924833592593413226e-10
5.509232703529102847e-10
5.122694279984593614e-10
4.763192767328092163e-10
4.428843279971465280e-10
4.117891870106657796e-10
3.828706466808009896e-10
3.559768439531809653e-10
3.309664743180823418e-10
3.077080604825101235e-10
2.860792714895462775e-10
2.659662888206147530e-10
2.472632162530524658e-10
2.298715304660365246e-10
2.136995695935629384e-10
1.986620571148345445e-10
1.846796586510305094e-10
1.716785694038828925e-10
1.595901301266018530e-10
1.483504696622360061e-10
1.379001722192462174e-10
1.281839676795748199e-10
1.191504433514347925e-10
1.107517756880042070e-10
1.029434805947289933e-10
9.568418104252330279e-11
8.893539079227672490e-11
8.266131311817489065e-11
7.682865349382060802e-11
7.140644527639279710e-11
6.636588749045177041e-11
6.168019387482769132e-11
5.732445241362145490e-11
5.327549462599323254e-11
4.951177393938291412e-11
4.601325251734898716e-11
4.276129595656118657e-11
3.973857530785725758e-11
3.692897591387691977e-11
3.431751259080589672e-11
3.189025071437809072e-11
2.963423280065643187e-11
2.753741020039800353e-11
2.558857955214869347e-11
2.377732366374001805e-11
2.209395651470027994e-11
2.052947209335925325e-11
1.907549680222799343e-11
1.772424518367345095e-11
1.646847873507504592e-11
1.530146759863424934e-11
1.421695492588977284e-11
1.320912373084600961e-11
1.227256605852108781e-11
1.140225430772941462e-11
1.059351455809267989e-11
9.842001761680212390e-12
9.143676669367430516e-12
8.494784371019278504e-12
7.891834337000144599e-12
7.331581856325736916e-12
6.811010774045785487e-12
6.327317437216350032e-12
5.877895765121808529e-12
5.460323365271481793e-12
5.072348622154458610e-12
4.711878690816473999e-12
4.376968332050965818e-12
4.065809530396697314e-12
3.776721840229524302e-12
3.508143409046872721e-12
3.258622630590072447e-12
3.026810383749975406e-12
2.811452816272473616e-12
2.611384635138348437e-12
2.425522868151135563e-12
2.252861063741138023e-12
2.092463898296112933e-12
1.943462162471471071e-12
1.805048099926078994e-12
1.676471073784353318e-12
1.557033537850825860e-12
1.446087291208726072e-12
1.343029996327703179e-12
1.247301942195350650e-12
1.158383035279883278e-12
1.075790002333963409e-12
9.990737901684207074e-13
9.278171485653797785e-13
8.616323834684591202e-13
8.001592684883288826e-13
7.430631035996508569e-13
6.900329106847130730e-13
6.407797563039209099e-13
5.950351927475353619e-13
5.525498090501819601e-13
5.130918842329453261e-13
4.764461355804016214e-13
4.424125552645298060e-13
4.108053290967559938e-13
3.814518316258575642e-13
3.541916922053945417e-13
3.288759270318609087e-13
3.053661325058440728e-13
2.835337355949963257e-13
2.632592971812648629e-13
2.444318646571957713e-13
2.269483702987154578e-13
2.107130721859702552e-13
1.956370346708657959e-13
1.816376456010860949e-13
1.686381677067002311e-13
1.565673217380196703e-13
1.453588991131122799e-13
1.349514019912084373e-13
1.252877088349833410e-13
1.163147636611422730e-13
1.079832873055956326e-13
1.002475091474564071e-13
9.306491784575216665e-14
8.639602974469326945e-14
8.020417369812269204e-14
7.445529115189110427e-14
6.911775040481996632e-14
6.416217404507336755e-14
5.956127862955696864e-14
5.528972573977717439e-14
5.132398360877601284e-14
4.764219857063052038e-14
4.422407563687425990e-14
4.105076755334189397e-14
3.810477173662000772e-14
3.536983453174849587e-14
3.283086227228656221e-14
3.047383866054302821e-14
2.828574801987019188e-14
2.625450400261412274e-14
2.436888336677273717e-14
2.261846446179197753e-14
