1.000000000000000000e+00
9.231163733333332955e-01
8.521438387160858996e-01
7.866279299539381542e-01
7.261491218617867061e-01
6.703201438722372618e-01
6.187835001836178295e-01
5.712091805680072909e-01
5.272925471806440001e-01
4.867523838390916402e-01
4.493290952808968730e-01
4.147830448688493155e-01
3.828930200994893895e-01
3.534548160888877355e-01
3.262799279651743545e-01
3.011943437946729696e-01
2.780374303122516988e-01
2.566609043207651597e-01
2.369278831730384227e-01
2.187120082562389323e-01
2.018966358659493310e-01
1.863740902887757178e-01
1.720449743106738649e-01
1.588175327358957445e-01
1.466070648409080190e-01
1.353353820009838560e-01
1.249303070164294871e-01
1.153252119324262859e-01
1.064585913929594063e-01
9.827366879684390488e-02
9.071803273390369182e-02
8.374330137325579348e-02
7.730481265464024532e-02
7.136133829896426639e-02
6.587481980675299886e-02
6.081012475399665690e-02
5.613482182485694805e-02
5.181897314067479554e-02
4.783494255547712792e-02
4.415721869042037173e-02
4.076225157398773863e-02
3.762830184188051263e-02
3.473530153096873047e-02
3.206472557590763633e-02
2.959947318556043275e-02
2.732375833963179498e-02
2.522300870431732484e-02
2.328377231968450922e-02
2.149363146126621535e-02
1.984112312428729791e-02
1.831566562135222842e-02
1.690749082356868271e-02
1.560758161121933441e-02
1.440761413345281391e-02
1.329990450725903814e-02
1.227735961442061666e-02
1.133343168137309134e-02
1.046207635113022977e-02
9.657713978791771653e-03
8.915193902792897807e-03
8.229761463109625669e-03
7.597027555224183590e-03
7.012940524891948108e-03
6.473760223740618325e-03
5.976034059569028389e-03
5.516574887985838289e-03
5.092440603819226551e-03
4.700915301613014033e-03
4.339491884572178534e-03
4.005856010595701747e-03
3.697871272596638982e-03
3.413565518212926912e-03
3.151118221308437349e-03
2.908848824398828619e-03
2.685205977353977234e-03
2.478757603467991993e-03
2.288181729285797359e-03
2.112258019465900784e-03
1.949859962473611411e-03
1.799947657066509367e-03
1.661561153381066512e-03
1.533814305980680777e-03
1.415889099503669663e-03
1.307030410576026560e-03
1.206541172447319222e-03
1.113777911386917147e-03
1.028146626258265696e-03
9.490989848864321739e-04
8.761288128627116008e-04
8.087688523026648245e-04
7.465877698025983472e-04
6.891873944351960529e-04
6.362001680980675436e-04
5.872867918887451303e-04
5.421340534349065616e-04
5.004528212673303722e-04
4.619761933927329358e-04
4.264577882110382541e-04
3.936701668331283569e-04
3.634033766965256876e-04
3.354636071531839946e-04
3.096719484205652517e-04
2.858632459490592658e-04
2.638850428697902357e-04
2.435966037508720001e-04
2.248680134108220160e-04
2.075793450184693599e-04
1.916198921523581706e-04
1.768874599022093354e-04
1.632877104730729215e-04
1.507335591018063917e-04
1.391446164176851868e-04
1.284466736763513266e-04
1.185712275708435581e-04
1.094550415768784569e-04
1.010397410234972494e-04
9.327143929615000246e-05
8.610039277864213621e-05
7.948068232439566537e-05
7.336991921735488400e-05
6.772897373968428869e-05
6.252172460816592960e-05
5.771482767483553902e-05
5.327750241075248489e-05
4.918133480567175506e-05
4.540009542150414584e-05
4.190957143448618391e-05
3.868741159055713916e-05
3.571298308112908192e-05
3.296723942276656326e-05
3.043259849475596468e-05
2.809282995358858319e-05
2.593295130342672736e-05
2.393913195704921583e-05
2.209860467293937866e-05
2.039958380141085196e-05
1.883118981626779595e-05
1.738337964874472931e-05
1.604688237762570701e-05
1.481313986374042196e-05
1.367425194869548294e-05
1.262292586692604196e-05
1.165242954713229061e-05
1.075654850407093396e-05
9.929546044662051243e-06
9.166126533594779553e-06
8.461401483206449435e-06
7.810858250494825638e-06
7.210331140817527519e-06
6.655974733243871823e-06
6.144239256750384444e-06
5.671847859583709593e-06
5.235775626237343937e-06
4.833230207679279493e-06
4.461633940798008865e-06
4.118607342570365304e-06
3.801953873257593778e-06
3.509645871062169560e-06
3.239811568179217264e-06
2.990723105100978049e-06
2.760785466425021126e-06
2.548526267317640243e-06
2.352586325230997301e-06
2.171710956500832195e-06
2.004741942093312902e-06
1.850610111054402019e-06
1.708328494170536572e-06
1.576986004000700230e-06
1.455741600810552103e-06
1.343818907050697917e-06
1.240501235893404140e-06
1.145127001993436939e-06
1.057085485086254190e-06
9.758129192961303433e-07
9.007888831124563617e-07
8.315329669177546342e-07
7.676016967282243764e-07
7.085856944482716118e-07
6.541070564549699701e-07
6.038169337264538448e-07
5.573932980188177793e-07
5.145388797874368841e-07
4.749792646483746697e-07
4.384611361907411936e-07
4.047506538880097619e-07
3.736319557213947628e-07
3.449057759269744967e-07
3.183881690154279735e-07
2.939093318937622970e-07
2.713125165465927764e-07
2.504530263144307410e-07
2.311972893417351961e-07
2.134220032616398759e-07
1.970133456404198527e-07
1.818662451258508160e-07
1.678837086323264494e-07
1.549762002544231624e-07
1.430610679318435417e-07
1.320620141944370544e-07
1.219086075982638841e-07
1.125358317242258142e-07
1.038836688513176294e-07
9.589671563858928288e-08
8.852382835487249068e-08
8.171779538453237954e-08
7.543503491216495455e-08
6.963531585039108118e-08
6.428150022373420297e-08
5.933930535895936864e-08
5.477708435908179892e-08
5.056562345532964797e-08
4.667795493942283574e-08
4.308918447829676314e-08
3.977633170549626426e-08
3.671818306848138996e-08
3.389515598956594064e-08
3.128917347065572526e-08
2.888354833882925990e-08
2.666287639153808683e-08
2.461293775719159356e-08
2.272060583949777053e-08
2.097376326249333682e-08
1.936122427802474678e-08
1.787266313882349121e-08
1.649854797851909148e-08
1.523007977519654300e-08
1.405913600765677984e-08
1.297821864358820364e-08
1.198040612659619678e-08
1.105930905464392766e-08
1.020902926609539701e-08
9.424122071371844552e-09
8.699561388375398543e-09
8.030707558427795346e-09
7.413277636636455429e-09
6.843317966444948700e-09
6.317178862751503175e-09
5.831491241481158532e-09
5.383145045961184822e-09
4.969269331954989119e-09
4.587213883830845304e-09
4.234532244146244792e-09
3.908966047979342084e-09
3.608430561693822838e-09
3.331001333535964790e-09
3.074901870582216510e-09
2.838492263127738149e-09
2.620258683673203581e-09
2.418803693267581443e-09
2.232837293134442153e-09
2.061168664281682948e-09
1.902698542200018118e-09
1.756412177822301380e-09
1.621372839669824232e-09
1.496715815577176281e-09
1.381642875586245114e-09
1.275417160553012313e-09
1.177358463736794540e-09
1.086838875158014653e-09
1.003278760833545903e-09
9.261430511430234090e-10
8.549378145590155740e-10
7.892070948012443100e-10
7.285299911618608071e-10
6.725179633059022617e-10
6.208123432884642087e-10
5.730820388570154150e-10
5.290214133321604825e-10
4.883483284908582715e-10
4.508023379198764189e-10
4.161430192707841278e-10
3.841484347372296584e-10
3.546137098963081151e-10
3.273497218137587279e-10
3.021818880123924465e-10
2.789490485490191822e-10
2.575024340413545188e-10
2.377047130367610346e-10
2.194291126227355730e-10
2.025586066480512447e-10
1.869851663564023021e-10
1.726090686340520767e-10
1.593382574419105773e-10
1.470877543430294884e-10
1.357791143508816286e-10
1.253399236139978070e-10
1.157033357204306712e-10
1.068076436528130789e-10
9.859588465306382689e-11
9.101547546652793140e-11
8.401787562987024088e-11
7.755827664661687034e-11
7.159531506000832832e-11
6.609080758585226692e-11
6.100950660932309843e-11
5.631887448005436079e-11
5.198887516024300149e-11
4.799178189160293255e-11
4.430199964958083980e-11
4.089590124793566715e-11
3.775167604419250900e-11
3.484919027716986905e-11
3.216985814226431127e-11
2.969652277893483189e-11
2.741334640830104346e-11
2.530570891736121787e-11
2.336011424042348159e-11
2.156410393827207821e-11
1.990617742168077142e-11
1.837571830843183872e-11
1.696292644227453361e-11
1.565875513851257230e-11
1.445485325437842148e-11
1.334351171324733844e-11
1.231761414026373525e-11
1.137059129327964287e-11
1.049637899730787888e-11
9.689379313127018318e-12
8.944424691384838246e-12
8.256744882664290234e-12
7.621936391623618612e-12
7.035934279612947507e-12
6.494986135207983261e-12
5.995628045983476765e-12
5.534662417663886157e-12
5.109137498618185445e-12
4.716328478585757967e-12
4.353720040600802619e-12
4.018990254388065282e-12
3.709995708092721610e-12
3.424757783136785014e-12
3.161449984314335627e-12
2.918386243994972790e-12
2.694010125542527710e-12
2.486884856814096564e-12
2.295684129919814745e-12
2.119183608330468015e-12
1.956253086949468928e-12
1.805849254946931637e-12
1.667009015013313588e-12
1.538843316253062053e-12
1.420531461227766373e-12
1.311315850694476425e-12
1.210497132387599829e-12
1.117429722780040963e-12
1.031517673147583445e-12
9.522108534652358109e-13
8.790014296994667125e-13
8.114206119389867014e-13
7.490356525410313105e-13
6.914470750710436014e-13
6.382861162915228705e-13
5.892123648200487789e-13
5.439115813358403406e-13
5.020936863767392580e-13
4.634909028416596345e-13
4.278560413041852509e-13
3.949609171574762717e-13
3.645948894548166179e-13
3.365635120893978633e-13
3.106872886762944632e-13
2.868005231636273341e-13
2.647502588129102821e-13
2.443952987544351411e-13
2.256053018459106610e-13
2.082599480447690024e-13
1.922481679496755870e-13
1.774674315776820981e-13
1.638230918227713802e-13
1.512277783916903527e-13
1.396008383361942354e-13
1.288678195992005989e-13
1.189599942677882815e-13
1.098139184802348432e-13
1.013710261689967057e-13
9.357725403820265877e-14
8.638269537423765282e-14
7.974128047262437085e-14
7.361048163484515042e-14
6.795104084607820374e-14
6.272671839005690575e-14
5.790406079133063232e-14
5.345218659896599224e-14
4.934258863997408949e-14
4.554895147621141509e-14
4.204698289585626375e-14
3.881425836043152352e-14
3.583007741130456206e-14
3.307533111617605433e-14
3.053237970676358711e-14
2.818493962414386748e-14
2.601797924845865270e-14
2.401762264529907560e-14
2.217106071241702097e-14
2.046646915779954981e-14
1.889293278388644099e-14
1.744037559309168750e-14
1.609949626706597985e-14
1.486170860654748646e-14
1.371908655041290170e-14
1.266431342186326684e-14
1.169063507674707633e-14
1.079181665401021397e-14
9.962102651328176135e-15
9.196180070268450413e-15
8.489144394986492063e-15
7.836468186602923200e-15
7.233972092158934709e-15
6.677798082508300111e-15
6.164384747777349814e-15
5.690444492199542413e-15
5.252942482293882937e-15
4.849077213583726470e-15
4.476262571416715515e-15
4.132111271013939265e-15
3.814419570708178030e-15
3.521153160483823635e-15
3.250434135457031190e-15
3.000528970881963507e-15
2.769837421682156868e-15
2.556882275426183121e-15
2.360299893131699435e-15
2.178831477326788309e-15
2.011315011454413605e-15
1.856677819004690277e-15
1.713929694728052708e-15
1.582156563945667169e-15
1.460514629355052465e-15
1.348224967850513519e-15
1.244568542759615991e-15
1.148881599557008209e-15
1.060551415572464317e-15
9.790123764767863410e-16
9.037423544216988288e-16
8.342593646414866679e-16
7.701184791072199393e-16
7.109089774704393463e-16
6.562517170526202673e-16
6.057967050393875336e-16
5.592208573332424829e-16
5.162259297138202475e-16
4.765366080580500338e-16
4.398987453911152530e-16
4.060777344793296624e-16
3.748570055439750492e-16
3.460366394763474374e-16
3.194320876738600769e-16
2.948729902997889867e-16
2.722020853994964038e-16
2.512742018877533875e-16
2.319553299588507759e-16
2.141217629669509973e-16
1.976593052817914623e-16
1.824625410473134778e-16
1.684341591607804806e-16
1.554843301499491200e-16
1.435301309581836995e-16
1.324950139541768931e-16
1.223083167661291752e-16
1.129048098016537121e-16
1.042242785559923331e-16
9.621113803389076280e-17
8.881407681611795585e-17
8.198572849144288261e-17
7.568236835011209338e-17
6.986363339663291467e-17
6.449226388898931700e-17
5.953386474926012720e-17
5.495668531785418004e-17
5.073141604103879322e-17
4.683100078986822500e-17
4.323046360871362985e-17
3.990674878399436849e-17
3.683857320900529475e-17
3.400629009947145832e-17
3.139176318714533439e-17
2.897825058585643736e-17
2.675029758636033398e-17
2.469363769350837381e-17
2.279510127203874252e-17
2.104253121601046042e-17
1.942470510187703506e-17
1.793126332671422635e-17
1.655264277144143928e-17
1.528001556425523494e-17
1.410523255215217818e-17
1.302077111856599549e-17
1.201968701297405274e-17
1.109556988401837302e-17
1.024250223140159503e-17
9.455021513710014703e-18
8.728085169524632543e-18
8.057038327836030152e-18
7.437584000999662140e-18
6.865755569364830841e-18
6.337891381385197484e-18
5.850611306564891986e-18
5.400795091099178746e-18
4.985562377611944216e-18
4.602254261048248268e-18
4.248416262616737621e-18
